2.000000000000000000e+01 1.098855363810875979e-01
2.005999946594237926e+01 1.098855533095115938e-01
2.012000083923339844e+01 1.098855707135975024e-01
2.018000030517578125e+01 1.098855886182894953e-01
2.023999977111816051e+01 1.098856070393143952e-01
2.029999923706055043e+01 1.098856259712264055e-01
2.036000061035155895e+01 1.098856454680745970e-01
2.042000007629394887e+01 1.098856655028428997e-01
2.047999954223633168e+01 1.098856861053476991e-01
2.054000091552734020e+01 1.098857072932166029e-01
2.060000038146973012e+01 1.098857290586126023e-01
2.065999984741210938e+01 1.098857514623285958e-01
2.071999931335448863e+01 1.098857744749149046e-01
2.078000068664551137e+01 1.098857981297696046e-01
2.084000015258789062e+01 1.098858224442656045e-01
2.089999961853026988e+01 1.098858474114215028e-01
2.095999908447265980e+01 1.098858730987490040e-01
2.102000045776366832e+01 1.098858994735407019e-01
2.107999992370605113e+01 1.098859265704743987e-01
2.113999938964844105e+01 1.098859544113451048e-01
2.120000076293944957e+01 1.098859829879328953e-01
2.126000022888183949e+01 1.098860123740166006e-01
2.131999969482421875e+01 1.098860425323383017e-01
2.137999916076660156e+01 1.098860735033004993e-01
2.144000053405762074e+01 1.098861053111268027e-01
2.150000000000000000e+01 1.098861379430400020e-01
2.155999946594237926e+01 1.098861714844371062e-01
2.162000083923339844e+01 1.098862058931814045e-01
2.168000030517578125e+01 1.098862412118179060e-01
2.173999977111816051e+01 1.098862774670573000e-01
2.179999923706055043e+01 1.098863146462581986e-01
2.186000061035155895e+01 1.098863528446388932e-01
2.192000007629394887e+01 1.098863920108646974e-01
2.197999954223633168e+01 1.098864321955431989e-01
2.204000091552734020e+01 1.098864734281882055e-01
2.210000038146973012e+01 1.098865156914225066e-01
2.215999984741210938e+01 1.098865590908841977e-01
2.221999931335448863e+01 1.098866035714315958e-01
2.228000068664551137e+01 1.098866491889147062e-01
2.234000015258789062e+01 1.098866959713633018e-01
2.239999961853026988e+01 1.098867439030114940e-01
2.245999908447265980e+01 1.098867930993892017e-01
2.252000045776366832e+01 1.098868435001199018e-01
2.257999992370605113e+01 1.098868951616460005e-01
2.263999938964844105e+01 1.098869481193806008e-01
2.270000076293944957e+01 1.098870023551193065e-01
2.276000022888183949e+01 1.098870579929508984e-01
2.281999969482421875e+01 1.098871149650371970e-01
2.287999916076660156e+01 1.098871733366242054e-01
2.294000053405762074e+01 1.098872331464807034e-01
2.300000000000000000e+01 1.098872943677788039e-01
2.305999946594237926e+01 1.098873571427401996e-01
2.312000083923339844e+01 1.098874213956863022e-01
2.318000030517578125e+01 1.098874871936036945e-01
2.323999977111816051e+01 1.098875545785713004e-01
2.329999923706055043e+01 1.098876235240481974e-01
2.336000061035155895e+01 1.098876941863081991e-01
2.342000007629394887e+01 1.098877664741519933e-01
2.347999954223633168e+01 1.098878404670038944e-01
2.354000091552734020e+01 1.098879162106315005e-01
2.360000038146973012e+01 1.098879936698106963e-01
2.365999984741210938e+01 1.098880730153364016e-01
2.371999931335448863e+01 1.098881541508183041e-01
2.378000068664551137e+01 1.098882371624539944e-01
2.384000015258789062e+01 1.098883220917205999e-01
2.389999961853026988e+01 1.098884089064448011e-01
2.395999908447265980e+01 1.098884977902536003e-01
2.402000045776366832e+01 1.098885886392347022e-01
2.407999992370605113e+01 1.098886815376186044e-01
2.413999938964844105e+01 1.098887765385223036e-01
2.420000076293944957e+01 1.098888736054550036e-01
2.426000022888183949e+01 1.098889729317941988e-01
2.431999969482421875e+01 1.098890744024999949e-01
2.437999916076660156e+01 1.098891781142473933e-01
2.444000053405762074e+01 1.098892841242093965e-01
2.450000000000000000e+01 1.098893923807443967e-01
2.455999946594237926e+01 1.098895031032627034e-01
2.462000083923339844e+01 1.098896161653180048e-01
2.468000030517578125e+01 1.098897316630503967e-01
2.473999977111816051e+01 1.098898496574135936e-01
2.479999923706055043e+01 1.098899700975903976e-01
2.486000061035155895e+01 1.098900932207537984e-01
2.492000007629394887e+01 1.098902188761844007e-01
2.497999954223633168e+01 1.098903471778174962e-01
2.504000091552734020e+01 1.098904781907698025e-01
2.510000038146973012e+01 1.098906118495172057e-01
2.515999984741210938e+01 1.098907484089260977e-01
2.521999931335448863e+01 1.098908877125821942e-01
2.528000068664551137e+01 1.098910298817118020e-01
2.534000015258789062e+01 1.098911749717133013e-01
2.539999961853026988e+01 1.098913229228156985e-01
2.545999908447265980e+01 1.098914740036639054e-01
2.552000045776366832e+01 1.098916280485573993e-01
2.557999992370605113e+01 1.098917851707410936e-01
2.563999938964844105e+01 1.098919454429277964e-01
2.570000076293944957e+01 1.098921087985016004e-01
2.576000022888183949e+01 1.098922755137795026e-01
2.581999969482421875e+01 1.098924454082984975e-01
2.587999916076660156e+01 1.098926186112766934e-01
2.594000053405762074e+01 1.098927951994340957e-01
2.600000000000000000e+01 1.098929750815244993e-01
2.605999946594237926e+01 1.098931585677913048e-01
2.612000083923339844e+01 1.098933454631410983e-01
2.618000030517578125e+01 1.098935358905546028e-01
2.623999977111816051e+01 1.098937299300968007e-01
2.629999923706055043e+01 1.098939274928433935e-01
2.636000061035155895e+01 1.098941289077726008e-01
2.642000007629394887e+01 1.098943339449082041e-01
2.647999954223633168e+01 1.098945427506810985e-01
2.654000091552734020e+01 1.098947554087885969e-01
2.660000038146973012e+01 1.098949718074111043e-01
2.665999984741210938e+01 1.098951922930394010e-01
2.671999931335448863e+01 1.098954166320731951e-01
2.678000068664551137e+01 1.098956449763860005e-01
2.684000015258789062e+01 1.098958773907954961e-01
2.689999961853026988e+01 1.098961137740946947e-01
2.695999908447265980e+01 1.098963544826974947e-01
2.702000045776366832e+01 1.098965992741529063e-01
2.707999992370605113e+01 1.098968482810124964e-01
2.713999938964844105e+01 1.098971015923724953e-01
2.720000076293944957e+01 1.098973590974583053e-01
2.726000022888183949e+01 1.098976211518981061e-01
2.731999969482421875e+01 1.098978874966044933e-01
2.737999916076660156e+01 1.098981582823659042e-01
2.744000053405762074e+01 1.098984336008315965e-01
2.750000000000000000e+01 1.098987133043882042e-01
2.755999946594237926e+01 1.098989977878774976e-01
2.762000083923339844e+01 1.098992867766026976e-01
2.768000030517578125e+01 1.098995804042919022e-01
2.773999977111816051e+01 1.098998787639628022e-01
2.779999923706055043e+01 1.099001817137623960e-01
2.786000061035155895e+01 1.099004896622869931e-01
2.792000007629394887e+01 1.099008022894016057e-01
2.797999954223633168e+01 1.099011197570123055e-01
2.804000091552734020e+01 1.099014421595793933e-01
2.810000038146973012e+01 1.099017693227670039e-01
2.815999984741210938e+01 1.099021016658480038e-01
2.821999931335448863e+01 1.099024388722386059e-01
2.828000068664551137e+01 1.099027811035104968e-01
2.834000015258789062e+01 1.099031284216752946e-01
2.839999961853026988e+01 1.099034806711978035e-01
2.845999908447265980e+01 1.099038382691762961e-01
2.852000045776366832e+01 1.099042008953699939e-01
2.857999992370605113e+01 1.099045686739130029e-01
2.863999938964844105e+01 1.099049416988492067e-01
2.870000076293944957e+01 1.099053198032659967e-01
2.876000022888183949e+01 1.099057033853030052e-01
2.881999969482421875e+01 1.099060921107262029e-01
2.887999916076660156e+01 1.099064861214724964e-01
2.894000053405762074e+01 1.099068855107243059e-01
2.900000000000000000e+01 1.099072900613630027e-01
2.905999946594237926e+01 1.099077002098313022e-01
2.912000083923339844e+01 1.099081156104065038e-01
2.918000030517578125e+01 1.099085363709800950e-01
2.923999977111816051e+01 1.099089625821512983e-01
2.929999923706055043e+01 1.099093940392794067e-01
2.936000061035155895e+01 1.099098311781656068e-01
2.942000007629394887e+01 1.099102736007401965e-01
2.947999954223633168e+01 1.099107214452837988e-01
2.954000091552734020e+01 1.099111747995801941e-01
2.960000038146973012e+01 1.099116334176194060e-01
2.965999984741210938e+01 1.099120977291380002e-01
2.971999931335448863e+01 1.099125673547604043e-01
2.978000068664551137e+01 1.099130424216294005e-01
2.984000015258789062e+01 1.099135229676834052e-01
2.989999961853026988e+01 1.099140087783515990e-01
2.995999908447265980e+01 1.099145002580397962e-01
3.002000045776366832e+01 1.099149970366165990e-01
3.007999992370605113e+01 1.099154991791119057e-01
3.013999938964844105e+01 1.099160067630697984e-01
3.020000076293944957e+01 1.099165195634898007e-01
3.026000022888183949e+01 1.099170379359690058e-01
3.031999969482421875e+01 1.099175615068582051e-01
3.037999916076660156e+01 1.099180903546664034e-01
3.044000053405762074e+01 1.099186245506441062e-01
3.050000000000000000e+01 1.099191638084836969e-01
3.055999946594237926e+01 1.099197085113703953e-01
3.062000083923339844e+01 1.099202582865578953e-01
3.068000030517578125e+01 1.099208131562296048e-01
3.073999977111816051e+01 1.099213731833065949e-01
3.079999923706055043e+01 1.099219381052595063e-01
3.086000061035155895e+01 1.099225082787465974e-01
3.092000007629394887e+01 1.099230832803923946e-01
3.097999954223633168e+01 1.099236631609988996e-01
3.104000091552734020e+01 1.099242479746102980e-01
3.110000038146973012e+01 1.099248374127587968e-01
3.115999984741210938e+01 1.099254317980011969e-01
3.121999931335448863e+01 1.099260307506698953e-01
3.128000068664551137e+01 1.099266342950143971e-01
3.134000015258789062e+01 1.099272424167564988e-01
3.139999961853026988e+01 1.099278548562970942e-01
3.145999908447265980e+01 1.099284718765811963e-01
3.152000045776366832e+01 1.099290931298352036e-01
3.157999992370605113e+01 1.099297185503998048e-01
3.163999938964844105e+01 1.099303481695035056e-01
3.170000076293944957e+01 1.099309817230552933e-01
3.176000022888183949e+01 1.099316193854883994e-01
3.181999969482421875e+01 1.099322608263627044e-01
3.187999916076660156e+01 1.099329059851360951e-01
3.194000053405762074e+01 1.099335548801591983e-01
3.200000000000000000e+01 1.099342071824419009e-01
3.206000137329102273e+01 1.099348630925515019e-01
3.211999893188477273e+01 1.099355222198429016e-01
3.218000030517578125e+01 1.099361845498442042e-01
3.224000167846679688e+01 1.099368500234266938e-01
3.229999923706054688e+01 1.099375183091185065e-01
3.236000061035156250e+01 1.099381895878698973e-01
3.241999816894531250e+01 1.099388634749088045e-01
3.247999954223632812e+01 1.099395399166175069e-01
3.254000091552733664e+01 1.099402188368084066e-01
3.259999847412108664e+01 1.099408999047618019e-01
3.265999984741210938e+01 1.099415832323415998e-01
3.272000122070311789e+01 1.099422685116275972e-01
3.277999877929688211e+01 1.099429555153776938e-01
3.284000015258789062e+01 1.099436442805011016e-01
3.290000152587891336e+01 1.099443344805366013e-01
3.295999908447266336e+01 1.099450260183788969e-01
3.302000045776367188e+01 1.099457187586088958e-01
3.308000183105468750e+01 1.099464124267525017e-01
3.313999938964843750e+01 1.099471069102145038e-01
3.320000076293945312e+01 1.099478020222519059e-01
3.325999832153320312e+01 1.099484975355914940e-01
3.331999969482421875e+01 1.099491933634591939e-01
3.338000106811522727e+01 1.099498891814303936e-01
3.343999862670897727e+01 1.099505848581227990e-01
3.350000000000000000e+01 1.099512802183499061e-01
3.356000137329102273e+01 1.099519749858374057e-01
3.361999893188477273e+01 1.099526689964683973e-01
3.368000030517578125e+01 1.099533620062615041e-01
3.374000167846679688e+01 1.099540538646315013e-01
3.379999923706054688e+01 1.099547442792828955e-01
3.386000061035156250e+01 1.099554330059449025e-01
3.391999816894531250e+01 1.099561198994180033e-01
3.397999954223632812e+01 1.099568046608471045e-01
3.404000091552733664e+01 1.099574871204374027e-01
3.409999847412108664e+01 1.099581670058930039e-01
3.415999984741210938e+01 1.099588439650962951e-01
3.422000122070311789e+01 1.099595179666383038e-01
3.427999877929688211e+01 1.099601885264572948e-01
3.434000015258789062e+01 1.099608555838957058e-01
3.440000152587891336e+01 1.099615188906850061e-01
3.445999908447266336e+01 1.099621778540884054e-01
3.452000045776367188e+01 1.099628326465983963e-01
3.458000183105468750e+01 1.099634827283314936e-01
3.463999938964843750e+01 1.099641278926242055e-01
3.470000076293945312e+01 1.099647680442483039e-01
3.475999832153320312e+01 1.099654024333577979e-01
3.481999969482421875e+01 1.099660313130861045e-01
3.488000106811522727e+01 1.099666540883730004e-01
3.493999862670897727e+01 1.099672705350468044e-01
3.500000000000000000e+01 1.099678805869628989e-01
3.506000137329102273e+01 1.099684834144279977e-01
3.511999893188477273e+01 1.099690792429516006e-01
3.518000030517578125e+01 1.099696675371658050e-01
3.524000167846679688e+01 1.099702480551875000e-01
3.529999923706054688e+01 1.099708206535331967e-01
3.536000061035156250e+01 1.099713844900113979e-01
3.541999816894531250e+01 1.099719398529346026e-01
3.547999954223632812e+01 1.099724861463803049e-01
3.554000091552733664e+01 1.099730231132163977e-01
3.559999847412108664e+01 1.099735506549743974e-01
3.565999984741210938e+01 1.099740677968149977e-01
3.572000122070311789e+01 1.099745749675135054e-01
3.577999877929688211e+01 1.099750714160470932e-01
3.584000015258789062e+01 1.099755569671116012e-01
3.590000152587891336e+01 1.099760315704489955e-01
3.595999908447266336e+01 1.099764940274416958e-01
3.602000045776367188e+01 1.099769449675092048e-01
3.608000183105468750e+01 1.099773835902381064e-01
3.613999938964843750e+01 1.099778096150119955e-01
3.620000076293945312e+01 1.099782231294594015e-01
3.625999832153320312e+01 1.099786227844267994e-01
3.631999969482421875e+01 1.099790093137020947e-01
3.638000106811522727e+01 1.099793818733313944e-01
3.643999862670897727e+01 1.099797401737920982e-01
3.650000000000000000e+01 1.099800843498973946e-01
3.656000137329102273e+01 1.099804129568656974e-01
3.661999893188477273e+01 1.099807267744582068e-01
3.668000030517578125e+01 1.099810249808927942e-01
3.674000167846679688e+01 1.099813072777268003e-01
3.679999923706054688e+01 1.099815737972300034e-01
3.686000061035156250e+01 1.099818230312982065e-01
3.691999816894531250e+01 1.099820558656765951e-01
3.697999954223632812e+01 1.099822714303072962e-01
3.704000091552733664e+01 1.099824694231943956e-01
3.709999847412108664e+01 1.099826500457620065e-01
3.715999984741210938e+01 1.099828116636978048e-01
3.722000122070311789e+01 1.099829553018630973e-01
3.727999877929688211e+01 1.099830800220301941e-01
3.734000015258789062e+01 1.099831855468319936e-01
3.740000152587891336e+01 1.099832721472479985e-01
3.745999908447266336e+01 1.099833380544846945e-01
3.752000045776367188e+01 1.099833844335603023e-01
3.758000183105468750e+01 1.099834103240989042e-01
3.763999938964843750e+01 1.099834154294467015e-01
3.770000076293945312e+01 1.099834001003401063e-01
3.775999832153320312e+01 1.099833624745495952e-01
3.781999969482421875e+01 1.099833038222219062e-01
3.788000106811522727e+01 1.099832231724724996e-01
3.793999862670897727e+01 1.099831202356549992e-01
3.800000000000000000e+01 1.099829954209090993e-01
3.806000137329102273e+01 1.099828467816123950e-01
3.811999893188477273e+01 1.099826757203511002e-01
3.818000030517578125e+01 1.099824812336721025e-01
3.824000167846679688e+01 1.099822630387420064e-01
3.829999923706054688e+01 1.099820216469272055e-01
3.836000061035156250e+01 1.099817550004536931e-01
3.841999816894531250e+01 1.099814646349827063e-01
3.847999954223632812e+01 1.099811495326804972e-01
3.854000091552733664e+01 1.099808094252485019e-01
3.859999847412108664e+01 1.099804449064443052e-01
3.865999984741210938e+01 1.099800538419967028e-01
3.872000122070311789e+01 1.099796378608335068e-01
3.877999877929688211e+01 1.099791960225546955e-01
3.884000015258789062e+01 1.099787279947145036e-01
3.890000152587891336e+01 1.099782344491705977e-01
3.895999908447266336e+01 1.099777132872103991e-01
3.902000045776367188e+01 1.099771661464775951e-01
3.908000183105468750e+01 1.099765921114241041e-01
3.913999938964843750e+01 1.099759909581397993e-01
3.920000076293945312e+01 1.099753633294601046e-01
3.925999832153320312e+01 1.099747071450595942e-01
3.931999969482421875e+01 1.099740241133901064e-01
3.938000106811522727e+01 1.099733133595370976e-01
3.943999862670897727e+01 1.099725746861753006e-01
3.950000000000000000e+01 1.099718087906876030e-01
3.956000137329102273e+01 1.099710135502496994e-01
3.961999893188477273e+01 1.099701908876961065e-01
3.968000030517578125e+01 1.099693398250791987e-01
3.974000167846679688e+01 1.099684601905934062e-01
3.979999923706054688e+01 1.099675529026614001e-01
3.986000061035156250e+01 1.099666156894717056e-01
3.991999816894531250e+01 1.099656506038736020e-01
3.997999954223632812e+01 1.099646567042984052e-01
4.004000091552733664e+01 1.099636338528196949e-01
4.009999847412108664e+01 1.099625830426766010e-01
4.015999984741210938e+01 1.099615020165435053e-01
4.022000122070311789e+01 1.099603928240522055e-01
4.027999877929688211e+01 1.099592547863792041e-01
4.034000015258789062e+01 1.099580875875321023e-01
4.040000152587891336e+01 1.099568922857897951e-01
4.045999908447266336e+01 1.099556668908638069e-01
4.052000045776367188e+01 1.099544132653653000e-01
4.058000183105468750e+01 1.099531308113509964e-01
4.063999938964843750e+01 1.099518194719100034e-01
4.070000076293945312e+01 1.099504801235829943e-01
4.075999832153320312e+01 1.099491109440972059e-01
4.081999969482421875e+01 1.099477137955765932e-01
4.088000106811522727e+01 1.099462881768466932e-01
4.093999862670897727e+01 1.099448340738086033e-01
4.100000000000000000e+01 1.099433523937396046e-01
4.106000137329102273e+01 1.099418413344585982e-01
4.111999893188477273e+01 1.099403030313880064e-01
4.118000030517578125e+01 1.099387367986636999e-01
4.124000167846679688e+01 1.099371426623684950e-01
4.129999923706054688e+01 1.099355218592217992e-01
4.136000061035156250e+01 1.099338724116921961e-01
4.141999816894531250e+01 1.099321965465396012e-01
4.147999954223632812e+01 1.099304936678641986e-01
4.154000091552733664e+01 1.099287638484306023e-01
4.159999847412108664e+01 1.099270083665978004e-01
4.165999984741210938e+01 1.099252253711768962e-01
4.172000122070311789e+01 1.099234169506714959e-01
4.177999877929688211e+01 1.099215829567831010e-01
4.184000015258789062e+01 1.099197231617904946e-01
4.190000152587891336e+01 1.099178388716137988e-01
4.195999908447266336e+01 1.099159287453386064e-01
4.202000045776367188e+01 1.099139944582056966e-01
4.208000183105468750e+01 1.099120359893196036e-01
4.213999938964843750e+01 1.099100535103919030e-01
4.220000076293945312e+01 1.099080479744023037e-01
4.225999832153320312e+01 1.099060183579149003e-01
4.231999969482421875e+01 1.099039662406735979e-01
4.238000106811522727e+01 1.099018917399419010e-01
4.243999862670897727e+01 1.098997950752415020e-01
4.250000000000000000e+01 1.098976771886392007e-01
4.256000137329102273e+01 1.098955371379241042e-01
4.261999893188477273e+01 1.098933767983868021e-01
4.268000030517578125e+01 1.098911960195241982e-01
4.274000167846679688e+01 1.098889950643387042e-01
4.279999923706054688e+01 1.098867752753080046e-01
4.286000061035156250e+01 1.098845355170759014e-01
4.291999816894531250e+01 1.098822776895528042e-01
4.297999954223632812e+01 1.098800017697502962e-01
4.304000091552733664e+01 1.098777080664315037e-01
4.309999847412108664e+01 1.098753979090563992e-01
4.315999984741210938e+01 1.098730703873641024e-01
4.322000122070311789e+01 1.098707271207389063e-01
4.327999877929688211e+01 1.098683686666967058e-01
4.334000015258789062e+01 1.098659949286543980e-01
4.340000152587891336e+01 1.098636072079219039e-01
4.345999908447266336e+01 1.098612052912025933e-01
4.352000045776367188e+01 1.098587901844682024e-01
4.358000183105468750e+01 1.098563625905709940e-01
4.363999938964843750e+01 1.098539229040775972e-01
4.370000076293945312e+01 1.098514719248449983e-01
4.375999832153320312e+01 1.098490098588505021e-01
4.381999969482421875e+01 1.098465375243141973e-01
4.388000106811522727e+01 1.098440557707359017e-01
4.393999862670897727e+01 1.098415650294827933e-01
4.400000000000000000e+01 1.098390660398889940e-01
4.406000137329102273e+01 1.098365591238309041e-01
4.411999893188477273e+01 1.098340453754347024e-01
4.418000030517578125e+01 1.098315253086599025e-01
4.424000167846679688e+01 1.098289993865086966e-01
4.429999923706054688e+01 1.098264687602528017e-01
4.436000061035156250e+01 1.098239335473883971e-01
4.441999816894531250e+01 1.098213947908316945e-01
4.447999954223632812e+01 1.098188531382029015e-01
4.454000091552733664e+01 1.098163090810320985e-01
4.459999847412108664e+01 1.098137636944765960e-01
4.465999984741210938e+01 1.098112173724825058e-01
4.472000122070311789e+01 1.098086707700035025e-01
4.477999877929688211e+01 1.098061251507591041e-01
4.484000015258789062e+01 1.098035805440201046e-01
4.490000152587891336e+01 1.098010379370382983e-01
4.495999908447266336e+01 1.097984984874410958e-01
4.502000045776367188e+01 1.097959621255936019e-01
4.508000183105468750e+01 1.097934302393916983e-01
4.513999938964843750e+01 1.097909033608847063e-01
4.520000076293945312e+01 1.097883818956256058e-01
4.525999832153320312e+01 1.097858674362549997e-01
4.531999969482421875e+01 1.097833596664083006e-01
4.538000106811522727e+01 1.097808600885916003e-01
4.543999862670897727e+01 1.097783692461122979e-01
4.550000000000000000e+01 1.097758874410099950e-01
4.556000137329102273e+01 1.097734163744965991e-01
4.561999893188477273e+01 1.097709559479551067e-01
4.568000030517578125e+01 1.097685072975974063e-01
4.574000167846679688e+01 1.097660709737816043e-01
4.579999923706054688e+01 1.097636476323468058e-01
4.586000061035156250e+01 1.097612387692609992e-01
4.591999816894531250e+01 1.097588441727878061e-01
4.597999954223632812e+01 1.097564650830415989e-01
4.604000091552733664e+01 1.097541020495242936e-01
4.609999847412108664e+01 1.097517555983022058e-01
4.615999984741210938e+01 1.097494274857496038e-01
4.622000122070311789e+01 1.097471170774458049e-01
4.627999877929688211e+01 1.097448261458456031e-01
4.634000015258789062e+01 1.097425547948669977e-01
4.640000152587891336e+01 1.097403034163594998e-01
4.645999908447266336e+01 1.097380744429830024e-01
4.652000045776367188e+01 1.097358665402410061e-01
4.658000183105468750e+01 1.097336815480405986e-01
4.663999938964843750e+01 1.097315199916515938e-01
4.670000076293945312e+01 1.097293817035431968e-01
4.675999832153320312e+01 1.097272694677511040e-01
4.681999969482421875e+01 1.097251817000848978e-01
4.688000106811522727e+01 1.097231202895536939e-01
4.693999862670897727e+01 1.097210857405020029e-01
4.700000000000000000e+01 1.097190777595365985e-01
4.706000137329102273e+01 1.097170991913263005e-01
4.711999893188477273e+01 1.097151485829561957e-01
4.718000030517578125e+01 1.097132274830179971e-01
4.724000167846679688e+01 1.097113363737293040e-01
4.729999923706054688e+01 1.097094751934356016e-01
4.736000061035156250e+01 1.097076466002311068e-01
4.741999816894531250e+01 1.097058489986783014e-01
4.747999954223632812e+01 1.097040839838653026e-01
4.754000091552733664e+01 1.097023520053187068e-01
4.759999847412108664e+01 1.097006528440435946e-01
4.765999984741210938e+01 1.096989893371739938e-01
4.772000122070311789e+01 1.096973595240772065e-01
4.777999877929688211e+01 1.096957653392089949e-01
4.784000015258789062e+01 1.096942068874859066e-01
4.790000152587891336e+01 1.096926837977014041e-01
4.795999908447266336e+01 1.096911993504910976e-01
4.802000045776367188e+01 1.096897510577071050e-01
4.808000183105468750e+01 1.096883408450648051e-01
4.813999938964843750e+01 1.096869690754967014e-01
4.820000076293945312e+01 1.096856349531260960e-01
4.825999832153320312e+01 1.096843419438500028e-01
4.831999969482421875e+01 1.096830873693625946e-01
4.838000106811522727e+01 1.096818731242358985e-01
4.843999862670897727e+01 1.096806995228579024e-01
4.850000000000000000e+01 1.096795656505143990e-01
4.856000137329102273e+01 1.096784749619934968e-01
4.861999893188477273e+01 1.096774248105134020e-01
4.868000030517578125e+01 1.096764168406997031e-01
4.874000167846679688e+01 1.096754513215606047e-01
4.879999923706054688e+01 1.096745274060778041e-01
4.886000061035156250e+01 1.096736484091341002e-01
4.891999816894531250e+01 1.096728115528999986e-01
4.897999954223632812e+01 1.096720184603710013e-01
4.904000091552733664e+01 1.096712693448348014e-01
4.909999847412108664e+01 1.096705632105943046e-01
4.915999984741210938e+01 1.096699034269593975e-01
4.922000122070311789e+01 1.096692869944393967e-01
4.927999877929688211e+01 1.096687156129206031e-01
4.934000015258789062e+01 1.096681893254946027e-01
4.940000152587891336e+01 1.096677070021837008e-01
4.945999908447266336e+01 1.096672721269596057e-01
4.952000045776367188e+01 1.096668814651304974e-01
4.958000183105468750e+01 1.096665366339995978e-01
4.963999938964843750e+01 1.096662377223507068e-01
4.970000076293945312e+01 1.096659834027716995e-01
4.975999832153320312e+01 1.096657771364717981e-01
4.981999969482421875e+01 1.096656156088555018e-01
4.988000106811522727e+01 1.096655003338247031e-01
4.993999862670897727e+01 1.096654313384572976e-01
5.000000000000000000e+01 1.096654072137751013e-01
5.006000137329102273e+01 1.096654313384572976e-01
5.011999893188477273e+01 1.096655003338247031e-01
5.018000030517578125e+01 1.096656156088555989e-01
5.024000167846679688e+01 1.096657771364717981e-01
5.029999923706054688e+01 1.096659834027716024e-01
5.036000061035156250e+01 1.096662377223507068e-01
5.041999816894531250e+01 1.096665366339995978e-01
5.047999954223632812e+01 1.096668814651304974e-01
5.054000091552733664e+01 1.096672721269597028e-01
5.059999847412108664e+01 1.096677070021837008e-01
5.065999984741210938e+01 1.096681893254946027e-01
5.072000122070311789e+01 1.096687156129206031e-01
5.077999877929688211e+01 1.096692869944394938e-01
5.084000015258789062e+01 1.096699034269593975e-01
5.090000152587891336e+01 1.096705632105943046e-01
5.095999908447266336e+01 1.096712693448348014e-01
5.102000045776367188e+01 1.096720184603710013e-01
5.108000183105468750e+01 1.096728115528999986e-01
5.113999938964843750e+01 1.096736484091340030e-01
5.120000076293945312e+01 1.096745274060776931e-01
5.125999832153320312e+01 1.096754513215606047e-01
5.131999969482421875e+01 1.096764168406996059e-01
5.138000106811522727e+01 1.096774248105134020e-01
5.143999862670897727e+01 1.096784749619934968e-01
5.150000000000000000e+01 1.096795656505143990e-01
5.156000137329102273e+01 1.096806995228579024e-01
5.161999893188477273e+01 1.096818731242358985e-01
5.168000030517578125e+01 1.096830873693627056e-01
5.174000167846679688e+01 1.096843419438500999e-01
5.179999923706054688e+01 1.096856349531259989e-01
5.186000061035156250e+01 1.096869690754967014e-01
5.191999816894531250e+01 1.096883408450649022e-01
5.197999954223632812e+01 1.096897510577071050e-01
5.204000091552733664e+01 1.096911993504910976e-01
5.209999847412108664e+01 1.096926837977014041e-01
5.215999984741210938e+01 1.096942068874859066e-01
5.222000122070311789e+01 1.096957653392091059e-01
5.227999877929688211e+01 1.096973595240770954e-01
5.234000015258789062e+01 1.096989893371741048e-01
5.240000152587891336e+01 1.097006528440434975e-01
5.245999908447266336e+01 1.097023520053187068e-01
5.252000045776367188e+01 1.097040839838653997e-01
5.258000183105468750e+01 1.097058489986783014e-01
5.263999938964843750e+01 1.097076466002311068e-01
5.270000076293945312e+01 1.097094751934356016e-01
5.275999832153320312e+01 1.097113363737293040e-01
5.281999969482421875e+01 1.097132274830179971e-01
5.288000106811522727e+01 1.097151485829561957e-01
5.293999862670897727e+01 1.097170991913263977e-01
5.300000000000000000e+01 1.097190777595366956e-01
5.306000137329102273e+01 1.097210857405021001e-01
5.311999893188477273e+01 1.097231202895536939e-01
5.318000030517578125e+01 1.097251817000849949e-01
5.324000167846679688e+01 1.097272694677511040e-01
5.329999923706054688e+01 1.097293817035430996e-01
5.336000061035156250e+01 1.097315199916515938e-01
5.341999816894531250e+01 1.097336815480406957e-01
5.347999954223632812e+01 1.097358665402410061e-01
5.354000091552733664e+01 1.097380744429829053e-01
5.359999847412108664e+01 1.097403034163594027e-01
5.365999984741210938e+01 1.097425547948669977e-01
5.372000122070311789e+01 1.097448261458456031e-01
5.377999877929688211e+01 1.097471170774456939e-01
5.384000015258789062e+01 1.097494274857495067e-01
5.390000152587891336e+01 1.097517555983022058e-01
5.395999908447266336e+01 1.097541020495241965e-01
5.402000045776367188e+01 1.097564650830415017e-01
5.408000183105468750e+01 1.097588441727879033e-01
5.413999938964843750e+01 1.097612387692610963e-01
5.420000076293945312e+01 1.097636476323468058e-01
5.425999832153320312e+01 1.097660709737813961e-01
5.431999969482421875e+01 1.097685072975972953e-01
5.438000106811522727e+01 1.097709559479551067e-01
5.443999862670897727e+01 1.097734163744965991e-01
5.450000000000000000e+01 1.097758874410099950e-01
5.456000137329102273e+01 1.097783692461125060e-01
5.461999893188477273e+01 1.097808600885916003e-01
5.468000030517578125e+01 1.097833596664083977e-01
5.474000167846679688e+01 1.097858674362549997e-01
5.479999923706054688e+01 1.097883818956254948e-01
5.486000061035156250e+01 1.097909033608847063e-01
5.491999816894531250e+01 1.097934302393917955e-01
5.497999954223632812e+01 1.097959621255936019e-01
5.504000091552733664e+01 1.097984984874409015e-01
5.509999847412108664e+01 1.098010379370383954e-01
5.515999984741210938e+01 1.098035805440201046e-01
5.522000122070311789e+01 1.098061251507591041e-01
5.527999877929688211e+01 1.098086707700034054e-01
5.534000015258789062e+01 1.098112173724825058e-01
5.540000152587891336e+01 1.098137636944765960e-01
5.545999908447266336e+01 1.098163090810320014e-01
5.552000045776367188e+01 1.098188531382028044e-01
5.558000183105468750e+01 1.098213947908316945e-01
5.563999938964843750e+01 1.098239335473883971e-01
5.570000076293945312e+01 1.098264687602527045e-01
5.575999832153320312e+01 1.098289993865086966e-01
5.581999969482421875e+01 1.098315253086599025e-01
5.588000106811522727e+01 1.098340453754347024e-01
5.593999862670897727e+01 1.098365591238310013e-01
5.600000000000000000e+01 1.098390660398889940e-01
5.606000137329102273e+01 1.098415650294826962e-01
5.611999893188477273e+01 1.098440557707359017e-01
5.618000030517578125e+01 1.098465375243141973e-01
5.624000167846679688e+01 1.098490098588505021e-01
5.629999923706054688e+01 1.098514719248449983e-01
5.636000061035156250e+01 1.098539229040775000e-01
5.641999816894531250e+01 1.098563625905709940e-01
5.647999954223632812e+01 1.098587901844682024e-01
5.654000091552733664e+01 1.098612052912025933e-01
5.659999847412108664e+01 1.098636072079219039e-01
5.665999984741210938e+01 1.098659949286544951e-01
5.672000122070311789e+01 1.098683686666968029e-01
5.677999877929688211e+01 1.098707271207387953e-01
5.684000015258789062e+01 1.098730703873641995e-01
5.690000152587891336e+01 1.098753979090563992e-01
5.695999908447266336e+01 1.098777080664315037e-01
5.702000045776367188e+01 1.098800017697502962e-01
5.708000183105468750e+01 1.098822776895528042e-01
5.713999938964843750e+01 1.098845355170759014e-01
5.720000076293945312e+01 1.098867752753080046e-01
5.725999832153320312e+01 1.098889950643385932e-01
5.731999969482421875e+01 1.098911960195241982e-01
5.738000106811522727e+01 1.098933767983868021e-01
5.743999862670897727e+01 1.098955371379241042e-01
5.750000000000000000e+01 1.098976771886392007e-01
5.756000137329102273e+01 1.098997950752415020e-01
5.761999893188477273e+01 1.099018917399419010e-01
5.768000030517578125e+01 1.099039662406735979e-01
5.774000167846679688e+01 1.099060183579149003e-01
5.779999923706054688e+01 1.099080479744022065e-01
5.786000061035156250e+01 1.099100535103919030e-01
5.791999816894531250e+01 1.099120359893195065e-01
5.797999954223632812e+01 1.099139944582056966e-01
5.804000091552733664e+01 1.099159287453386064e-01
5.809999847412108664e+01 1.099178388716137988e-01
5.815999984741210938e+01 1.099197231617904946e-01
5.822000122070311789e+01 1.099215829567831010e-01
5.827999877929688211e+01 1.099234169506714959e-01
5.834000015258789062e+01 1.099252253711767990e-01
5.840000152587891336e+01 1.099270083665977032e-01
5.845999908447266336e+01 1.099287638484305052e-01
5.852000045776367188e+01 1.099304936678642958e-01
5.858000183105468750e+01 1.099321965465395040e-01
5.863999938964843750e+01 1.099338724116922933e-01
5.870000076293945312e+01 1.099355218592217021e-01
5.875999832153320312e+01 1.099371426623684950e-01
5.881999969482421875e+01 1.099387367986636027e-01
5.888000106811522727e+01 1.099403030313881036e-01
5.893999862670897727e+01 1.099418413344584039e-01
5.900000000000000000e+01 1.099433523937397017e-01
5.906000137329102273e+01 1.099448340738086033e-01
5.911999893188477273e+01 1.099462881768466932e-01
5.918000030517578125e+01 1.099477137955764960e-01
5.924000167846679688e+01 1.099491109440972059e-01
5.929999923706054688e+01 1.099504801235828971e-01
5.936000061035156250e+01 1.099518194719099062e-01
5.941999816894531250e+01 1.099531308113509964e-01
5.947999954223632812e+01 1.099544132653653972e-01
5.954000091552733664e+01 1.099556668908638069e-01
5.959999847412108664e+01 1.099568922857897951e-01
5.965999984741210938e+01 1.099580875875321023e-01
5.972000122070311789e+01 1.099592547863793013e-01
5.977999877929688211e+01 1.099603928240522055e-01
5.984000015258789062e+01 1.099615020165435053e-01
5.990000152587891336e+01 1.099625830426766981e-01
5.995999908447266336e+01 1.099636338528195978e-01
6.002000045776367188e+01 1.099646567042984052e-01
6.008000183105468750e+01 1.099656506038736020e-01
6.013999938964843750e+01 1.099666156894717056e-01
6.020000076293945312e+01 1.099675529026614973e-01
6.025999832153320312e+01 1.099684601905935033e-01
6.031999969482421875e+01 1.099693398250792958e-01
6.038000106811522727e+01 1.099701908876961065e-01
6.043999862670897727e+01 1.099710135502497965e-01
6.050000000000000000e+01 1.099718087906875058e-01
6.056000137329102273e+01 1.099725746861753006e-01
6.061999893188477273e+01 1.099733133595370976e-01
6.068000030517578125e+01 1.099740241133899954e-01
6.074000167846679688e+01 1.099747071450595942e-01
6.079999923706054688e+01 1.099753633294602018e-01
6.086000061035156250e+01 1.099759909581397993e-01
6.091999816894531250e+01 1.099765921114242012e-01
6.097999954223632812e+01 1.099771661464775951e-01
6.104000091552733664e+01 1.099777132872104962e-01
6.109999847412108664e+01 1.099782344491705977e-01
6.115999984741210938e+01 1.099787279947145036e-01
6.122000122070311789e+01 1.099791960225546955e-01
6.127999877929688211e+01 1.099796378608335068e-01
6.134000015258789062e+01 1.099800538419966056e-01
6.140000152587891336e+01 1.099804449064444023e-01
6.145999908447266336e+01 1.099808094252485990e-01
6.152000045776367188e+01 1.099811495326803029e-01
6.158000183105468750e+01 1.099814646349828035e-01
6.163999938964843750e+01 1.099817550004536931e-01
6.170000076293945312e+01 1.099820216469273998e-01
6.175999832153320312e+01 1.099822630387420064e-01
6.181999969482421875e+01 1.099824812336721025e-01
6.188000106811522727e+01 1.099826757203511002e-01
6.193999862670897727e+01 1.099828467816123950e-01
6.200000000000000000e+01 1.099829954209091964e-01
6.206000137329102273e+01 1.099831202356550963e-01
6.211999893188477273e+01 1.099832231724724996e-01
6.218000030517578125e+01 1.099833038222217951e-01
6.224000167846679688e+01 1.099833624745495952e-01
6.229999923706054688e+01 1.099834001003401063e-01
6.236000061035156250e+01 1.099834154294467015e-01
6.241999816894531250e+01 1.099834103240989042e-01
6.247999954223632812e+01 1.099833844335602051e-01
6.254000091552733664e+01 1.099833380544846945e-01
6.259999847412108664e+01 1.099832721472479014e-01
6.265999984741210938e+01 1.099831855468319936e-01
6.272000122070311789e+01 1.099830800220301941e-01
6.277999877929688211e+01 1.099829553018630973e-01
6.284000015258789062e+01 1.099828116636976938e-01
6.290000152587891336e+01 1.099826500457620065e-01
6.295999908447266336e+01 1.099824694231943956e-01
6.302000045776367188e+01 1.099822714303072962e-01
6.308000183105468750e+01 1.099820558656765951e-01
6.313999938964843750e+01 1.099818230312983036e-01
6.320000076293945312e+01 1.099815737972299062e-01
6.325999832153320312e+01 1.099813072777268003e-01
6.331999969482421875e+01 1.099810249808929052e-01
6.338000106811522727e+01 1.099807267744580958e-01
6.343999862670897727e+01 1.099804129568657945e-01
6.350000000000000000e+01 1.099800843498975056e-01
6.356000137329102273e+01 1.099797401737920982e-01
6.361999893188477273e+01 1.099793818733312972e-01
6.368000030517578125e+01 1.099790093137020947e-01
6.374000167846679688e+01 1.099786227844268965e-01
6.379999923706054688e+01 1.099782231294594015e-01
6.386000061035156250e+01 1.099778096150119955e-01
6.391999816894531250e+01 1.099773835902381064e-01
6.397999954223632812e+01 1.099769449675092048e-01
6.404000091552734375e+01 1.099764940274415986e-01
6.409999847412109375e+01 1.099760315704489955e-01
6.416000366210937500e+01 1.099755569364859048e-01
6.422000122070312500e+01 1.099750714160472043e-01
6.427999877929687500e+01 1.099745749675136025e-01
6.433999633789062500e+01 1.099740678292835949e-01
6.440000152587890625e+01 1.099735506549743003e-01
6.445999908447265625e+01 1.099730231132163977e-01
6.451999664306640625e+01 1.099724861809256021e-01
6.458000183105468750e+01 1.099719398529346026e-01
6.463999938964843750e+01 1.099713844900113979e-01
6.469999694824218750e+01 1.099708206896709978e-01
6.476000213623046875e+01 1.099702480184563957e-01
6.481999969482421875e+01 1.099696675371658050e-01
6.487999725341796875e+01 1.099690792805085027e-01
6.494000244140625000e+01 1.099684833763880931e-01
6.500000000000000000e+01 1.099678805869628018e-01
6.505999755859375000e+01 1.099672705740969009e-01
6.512000274658203125e+01 1.099666540489039057e-01
6.518000030517578125e+01 1.099660313130862016e-01
6.523999786376953125e+01 1.099654024734647018e-01
6.530000305175781250e+01 1.099647680037200009e-01
6.536000061035156250e+01 1.099641278926243027e-01
6.541999816894531250e+01 1.099634827283313965e-01
6.548000335693359375e+01 1.099628326051717009e-01
6.554000091552734375e+01 1.099621778540882944e-01
6.559999847412109375e+01 1.099615188906850061e-01
6.566000366210937500e+01 1.099608555415710065e-01
6.572000122070312500e+01 1.099601885264574058e-01
6.577999877929687500e+01 1.099595179666383038e-01
6.583999633789062500e+01 1.099588440080133955e-01
6.590000152587890625e+01 1.099581670058929067e-01
6.595999908447265625e+01 1.099574871204374027e-01
6.601999664306640625e+01 1.099568047043373020e-01
6.608000183105468750e+01 1.099561198994179062e-01
6.613999938964843750e+01 1.099554330059449997e-01
6.619999694824218750e+01 1.099547443231360944e-01
6.626000213623046875e+01 1.099540538206778967e-01
6.631999969482421875e+01 1.099533620062616013e-01
6.637999725341796875e+01 1.099526690405493029e-01
6.644000244140625000e+01 1.099519749416958958e-01
6.650000000000000000e+01 1.099512802183500032e-01
6.655999755859375000e+01 1.099505849023451054e-01
6.662000274658203125e+01 1.099498891371930992e-01
6.668000030517578125e+01 1.099491933634593049e-01
6.673999786376953125e+01 1.099484975798234038e-01
6.680000305175781250e+01 1.099478019780341931e-01
6.686000061035156250e+01 1.099471069102144066e-01
6.691999816894531250e+01 1.099464124267525017e-01
6.698000335693359375e+01 1.099457187145265052e-01
6.704000091552734375e+01 1.099450260183787997e-01
6.709999847412109375e+01 1.099443344805366013e-01
6.716000366210937500e+01 1.099436442366811956e-01
6.722000122070312500e+01 1.099429555153776938e-01
6.727999877929687500e+01 1.099422685116275972e-01
6.733999633789062500e+01 1.099415832758650069e-01
6.740000152587890625e+01 1.099408999047617047e-01
6.745999908447265625e+01 1.099402188368084066e-01
6.751999664306640625e+01 1.099395399596747036e-01
6.758000183105468750e+01 1.099388634749086935e-01
6.763999938964843750e+01 1.099381895878699944e-01
6.769999694824218750e+01 1.099375183517118937e-01
6.776000213623046875e+01 1.099368499810561978e-01
6.781999969482421875e+01 1.099361845498442042e-01
6.787999725341796875e+01 1.099355222618873945e-01
6.794000244140625000e+01 1.099348630507176044e-01
6.800000000000000000e+01 1.099342071824419009e-01
6.805999755859375000e+01 1.099335549008239044e-01
6.812000274658203125e+01 1.099329059645889062e-01
6.818000030517578125e+01 1.099322608263625933e-01
6.823999786376953125e+01 1.099316194058364005e-01
6.830000305175781250e+01 1.099309816826364028e-01
6.836000061035156250e+01 1.099303481695036028e-01
6.841999816894531250e+01 1.099297185703242974e-01
6.848000335693359375e+01 1.099290930901573038e-01
6.854000091552734375e+01 1.099284718765811963e-01
6.859999847412109375e+01 1.099278548758429036e-01
6.866000366210937500e+01 1.099272423779985020e-01
6.872000122070312500e+01 1.099266342757819065e-01
6.877999877929687500e+01 1.099260307698089051e-01
6.883999633789062500e+01 1.099254318359784016e-01
6.890000152587890625e+01 1.099248373939386014e-01
6.895999908447265625e+01 1.099242479746102980e-01
6.901999664306640625e+01 1.099236631979668005e-01
6.908000183105468750e+01 1.099230832620081005e-01
6.913999938964843750e+01 1.099225082787465002e-01
6.919999694824218750e+01 1.099219381413495955e-01
6.926000213623046875e+01 1.099213731654499066e-01
6.931999969482421875e+01 1.099208131562294938e-01
6.937999725341796875e+01 1.099202583041443970e-01
6.944000244140625000e+01 1.099197084939512042e-01
6.950000000000000000e+01 1.099191638084836969e-01
6.955999755859375000e+01 1.099186245676811030e-01
6.962000274658203125e+01 1.099180903378007002e-01
6.968000030517578125e+01 1.099175615068582051e-01
6.973999786376953125e+01 1.099170379525541974e-01
6.980000305175781250e+01 1.099165195307041931e-01
6.986000061035156250e+01 1.099160067630697984e-01
6.991999816894531250e+01 1.099154991951297039e-01
6.998000335693359375e+01 1.099149970048009933e-01
7.004000091552734375e+01 1.099145002580396990e-01
7.009999847412109375e+01 1.099140087938880045e-01
7.016000366210937500e+01 1.099135229370152012e-01
7.022000122070312500e+01 1.099130424064723027e-01
7.027999877929687500e+01 1.099125673698064937e-01
7.033999633789062500e+01 1.099120977588759068e-01
7.040000152587890625e+01 1.099116334029471981e-01
7.045999908447265625e+01 1.099111747995801941e-01
7.051999664306640625e+01 1.099107214738682947e-01
7.058000183105468750e+01 1.099102735865589986e-01
7.063999938964843750e+01 1.099098311781656068e-01
7.069999694824218750e+01 1.099093940668955938e-01
7.076000213623046875e+01 1.099089625685446964e-01
7.081999969482421875e+01 1.099085363709800950e-01
7.087999725341796875e+01 1.099081156237273066e-01
7.094000244140625000e+01 1.099077001966857065e-01
7.100000000000000000e+01 1.099072900613630027e-01
7.105999755859375000e+01 1.099068855234769937e-01
7.112000274658203125e+01 1.099064861088929063e-01
7.118000030517578125e+01 1.099060921107263000e-01
7.123999786376953125e+01 1.099057033976020004e-01
7.130000305175781250e+01 1.099053197790492986e-01
7.136000061035156250e+01 1.099049416988490957e-01
7.141999816894531250e+01 1.099045686856573029e-01
7.148000335693359375e+01 1.099042008720929053e-01
7.154000091552734375e+01 1.099038382691762961e-01
7.159999847412109375e+01 1.099034806824821936e-01
7.166000366210937500e+01 1.099031283994847952e-01
7.172000122070312500e+01 1.099027810925801013e-01
7.177999877929687500e+01 1.099024388830660975e-01
7.183999633789062500e+01 1.099021016871769979e-01
7.190000152587890625e+01 1.099017693122827932e-01
7.195999908447265625e+01 1.099014421595793933e-01
7.201999664306640625e+01 1.099011197772958026e-01
7.208000183105468750e+01 1.099008022793590972e-01
7.213999938964843750e+01 1.099004896622868960e-01
7.219999694824218750e+01 1.099001817331846931e-01
7.226000213623046875e+01 1.098998787544278044e-01
7.231999969482421875e+01 1.098995804042919022e-01
7.237999725341796875e+01 1.098992867858892969e-01
7.244000244140625000e+01 1.098989977787419026e-01
7.250000000000000000e+01 1.098987133043882042e-01
7.255999755859375000e+01 1.098984336096319042e-01
7.262000274658203125e+01 1.098981582737122986e-01
7.268000030517578125e+01 1.098978874966044933e-01
7.273999786376953125e+01 1.098976211603164971e-01
7.280000305175781250e+01 1.098973590809400047e-01
7.286000061035156250e+01 1.098971015923723982e-01
7.291999816894531250e+01 1.098968482889715048e-01
7.298000335693359375e+01 1.098965992584080009e-01
7.304000091552734375e+01 1.098963544826974947e-01
7.309999847412109375e+01 1.098961137816787947e-01
7.316000366210937500e+01 1.098958773759315943e-01
7.322000122070312500e+01 1.098956449690862008e-01
7.327999877929687500e+01 1.098954166392908938e-01
7.333999633789062500e+01 1.098951923072151032e-01
7.340000152587890625e+01 1.098949718004661041e-01
7.345999908447265625e+01 1.098947554087884998e-01
7.351999664306640625e+01 1.098945427640340977e-01
7.358000183105468750e+01 1.098943339383090939e-01
7.363999938964843750e+01 1.098941289077726008e-01
7.369999694824218750e+01 1.098939275055278025e-01
7.376000213623046875e+01 1.098937299238897936e-01
7.381999969482421875e+01 1.098935358905546028e-01
7.387999725341796875e+01 1.098933454691584932e-01
7.394000244140625000e+01 1.098931585618888040e-01
7.400000000000000000e+01 1.098929750815244993e-01
7.405999755859375000e+01 1.098927952050837986e-01
7.412000274658203125e+01 1.098926186057366944e-01
7.418000030517578125e+01 1.098924454082984975e-01
7.423999786376953125e+01 1.098922755191442946e-01
7.430000305175781250e+01 1.098921087880081054e-01
7.436000061035156250e+01 1.098919454429277964e-01
7.441999816894531250e+01 1.098917851757675035e-01
7.448000335693359375e+01 1.098916280386311034e-01
7.454000091552734375e+01 1.098914740036640025e-01
7.459999847412109375e+01 1.098913229275692016e-01
7.466000366210937500e+01 1.098911749624258000e-01
7.472000122070312500e+01 1.098910298771629962e-01
7.477999877929687500e+01 1.098908877170721027e-01
7.483999633789062500e+01 1.098907484177206045e-01
7.490000152587890625e+01 1.098906118452217945e-01
7.495999908447265625e+01 1.098904781907698996e-01
7.501999664306640625e+01 1.098903471860292053e-01
7.508000183105468750e+01 1.098902188721327944e-01
7.513999938964843750e+01 1.098900932207537012e-01
7.519999694824218750e+01 1.098899701053337036e-01
7.526000213623046875e+01 1.098898496536357960e-01
7.531999969482421875e+01 1.098897316630503967e-01
7.537999725341796875e+01 1.098896161689645046e-01
7.544000244140625000e+01 1.098895030996951960e-01
7.550000000000000000e+01 1.098893923807444939e-01
7.555999755859375000e+01 1.098892841276040006e-01
7.562000274658203125e+01 1.098891781109272991e-01
7.568000030517578125e+01 1.098890744024999949e-01
7.573999786376953125e+01 1.098889729349955963e-01
7.580000305175781250e+01 1.098888735992114979e-01
7.586000061035156250e+01 1.098887765385224008e-01
7.591999816894531250e+01 1.098886815405929057e-01
7.598000335693359375e+01 1.098885886333705042e-01
7.604000091552734375e+01 1.098884977902536003e-01
7.609999847412109375e+01 1.098884089092377059e-01
7.616000366210937500e+01 1.098883220862794940e-01
7.622000122070312500e+01 1.098882371597958985e-01
7.627999877929687500e+01 1.098881541534378059e-01
7.633999633789062500e+01 1.098880730204541967e-01
7.640000152587890625e+01 1.098879936673182039e-01
7.645999908447265625e+01 1.098879162106316948e-01
7.651999664306640625e+01 1.098878404717432977e-01
7.658000183105468750e+01 1.098877664718173053e-01
7.663999938964843750e+01 1.098876941863081991e-01
7.669999694824218750e+01 1.098876235284864944e-01
7.676000213623046875e+01 1.098875545764119999e-01
7.681999969482421875e+01 1.098874871936035974e-01
7.687999725341796875e+01 1.098874213977620029e-01
7.694000244140625000e+01 1.098873571407143063e-01
7.700000000000000000e+01 1.098872943677788039e-01
7.705999755859375000e+01 1.098872331483975034e-01
7.712000274658203125e+01 1.098871733347541041e-01
7.718000030517578125e+01 1.098871149650371970e-01
7.723999786376953125e+01 1.098870579947469062e-01
7.730000305175781250e+01 1.098870023516266003e-01
7.736000061035156250e+01 1.098869481193805037e-01
7.741999816894531250e+01 1.098868951633013014e-01
7.748000335693359375e+01 1.098868434968613000e-01
7.754000091552734375e+01 1.098867930993891046e-01
7.759999847412109375e+01 1.098867439045553979e-01
7.766000366210937500e+01 1.098866959683636041e-01
7.772000122070312500e+01 1.098866491874529033e-01
7.777999877929687500e+01 1.098866035728699037e-01
7.783999633789062500e+01 1.098865590936877051e-01
7.790000152587890625e+01 1.098865156900609985e-01
7.795999908447265625e+01 1.098864734281882055e-01
7.801999664306640625e+01 1.098864321981191938e-01
7.808000183105468750e+01 1.098863920095977942e-01
7.813999938964843750e+01 1.098863528446390042e-01
7.819999694824218750e+01 1.098863146486544068e-01
7.826000213623046875e+01 1.098862774658944941e-01
7.831999969482421875e+01 1.098862412118179060e-01
7.837999725341796875e+01 1.098862058942948056e-01
7.844000244140625000e+01 1.098861714833530984e-01
7.850000000000000000e+01 1.098861379430400992e-01
7.855999755859375000e+01 1.098861053121469034e-01
7.862000274658203125e+01 1.098860735023075991e-01
7.868000030517578125e+01 1.098860425323383017e-01
7.873999786376953125e+01 1.098860123749666046e-01
7.880000305175781250e+01 1.098859829860903969e-01
7.886000061035156250e+01 1.098859544113451048e-01
7.891999816894531250e+01 1.098859265713432037e-01
7.898000335693359375e+01 1.098858994718325960e-01
7.904000091552734375e+01 1.098858730987490040e-01
7.909999847412109375e+01 1.098858474122265949e-01
7.916000366210937500e+01 1.098858224427053942e-01
7.922000122070312500e+01 1.098857981290110031e-01
7.927999877929687500e+01 1.098857744756602944e-01
7.933999633789062500e+01 1.098857514637778948e-01
7.940000152587890625e+01 1.098857290579107054e-01
7.945999908447265625e+01 1.098857072932167001e-01
7.951999664306640625e+01 1.098856861066692947e-01
7.958000183105468750e+01 1.098856655021936968e-01
7.963999938964843750e+01 1.098856454680744998e-01
7.969999694824218750e+01 1.098856259724479978e-01
7.976000213623046875e+01 1.098856070387232015e-01
7.981999969482421875e+01 1.098855886182896063e-01
7.987999725341796875e+01 1.098855707141614957e-01
7.994000244140625000e+01 1.098855533089637959e-01
8.000000000000000000e+01 1.098855363810875979e-01
