2.000000000000000000e+01 1.098853283339999987e-01
2.005999946589999894e+01 1.098853386569999951e-01
2.012000083919999938e+01 1.098853492680000044e-01
2.018000030520000010e+01 1.098853601830000054e-01
2.023999977109999904e+01 1.098853714109999935e-01
2.029999923709999976e+01 1.098853829499999990e-01
2.036000061040000020e+01 1.098853948310000023e-01
2.042000007629999914e+01 1.098854070390000021e-01
2.047999954220000163e+01 1.098854195909999970e-01
2.054000091549999851e+01 1.098854324979999936e-01
2.060000038149999924e+01 1.098854457559999970e-01
2.065999984740000173e+01 1.098854593999999962e-01
2.071999931339999890e+01 1.098854734130000066e-01
2.078000068660000110e+01 1.098854878169999993e-01
2.084000015259999827e+01 1.098855026190000000e-01
2.089999961850000076e+01 1.098855178180000031e-01
2.095999908450000149e+01 1.098855334530000061e-01
2.102000045779999837e+01 1.098855495030000018e-01
2.107999992370000086e+01 1.098855659930000062e-01
2.113999938959999980e+01 1.098855829320000005e-01
2.120000076290000024e+01 1.098856003169999956e-01
2.126000022890000096e+01 1.098856181929999953e-01
2.131999969479999990e+01 1.098856365349999975e-01
2.137999916080000062e+01 1.098856553709999934e-01
2.144000053410000106e+01 1.098856747120000033e-01
2.150000000000000000e+01 1.098856945519999934e-01
2.155999946589999894e+01 1.098857149430000069e-01
2.162000083919999938e+01 1.098857358580000027e-01
2.168000030520000010e+01 1.098857573249999997e-01
2.173999977109999904e+01 1.098857793570000019e-01
2.179999923709999976e+01 1.098858019489999949e-01
2.186000061040000020e+01 1.098858251570000027e-01
2.192000007629999914e+01 1.098858489500000035e-01
2.197999954220000163e+01 1.098858733599999971e-01
2.204000091549999851e+01 1.098858984019999985e-01
2.210000038149999924e+01 1.098859240680000043e-01
2.215999984740000173e+01 1.098859504200000031e-01
2.221999931339999890e+01 1.098859774250000032e-01
2.228000068660000110e+01 1.098860051189999992e-01
2.234000015259999827e+01 1.098860335149999951e-01
2.239999961850000076e+01 1.098860626060000067e-01
2.245999908450000149e+01 1.098860924610000067e-01
2.252000045779999837e+01 1.098861230420000029e-01
2.257999992370000086e+01 1.098861543870000013e-01
2.263999938959999980e+01 1.098861865119999948e-01
2.270000076290000024e+01 1.098862194099999995e-01
2.276000022890000096e+01 1.098862531539999965e-01
2.281999969479999990e+01 1.098862877019999990e-01
2.287999916080000062e+01 1.098863230980000050e-01
2.294000053410000106e+01 1.098863593579999937e-01
2.300000000000000000e+01 1.098863964710000002e-01
2.305999946589999894e+01 1.098864345220000038e-01
2.312000083919999938e+01 1.098864734629999979e-01
2.318000030520000010e+01 1.098865133379999942e-01
2.323999977109999904e+01 1.098865541669999946e-01
2.329999923709999976e+01 1.098865959390000063e-01
2.336000061040000020e+01 1.098866387450000009e-01
2.342000007629999914e+01 1.098866825300000016e-01
2.347999954220000163e+01 1.098867273450000043e-01
2.354000091549999851e+01 1.098867732119999940e-01
2.360000038149999924e+01 1.098868201150000057e-01
2.365999984740000173e+01 1.098868681530000002e-01
2.371999931339999890e+01 1.098869172690000034e-01
2.378000068660000110e+01 1.098869675180000061e-01
2.384000015259999827e+01 1.098870189170000067e-01
2.389999961850000076e+01 1.098870714549999988e-01
2.395999908450000149e+01 1.098871252370000051e-01
2.402000045779999837e+01 1.098871802009999954e-01
2.407999992370000086e+01 1.098872364020000020e-01
2.413999938959999980e+01 1.098872938639999935e-01
2.420000076290000024e+01 1.098873525719999966e-01
2.426000022890000096e+01 1.098874126380000038e-01
2.431999969479999990e+01 1.098874739930000011e-01
2.437999916080000062e+01 1.098875366999999964e-01
2.444000053410000106e+01 1.098876007840000057e-01
2.450000000000000000e+01 1.098876662219999967e-01
2.455999946589999894e+01 1.098877331410000047e-01
2.462000083919999938e+01 1.098878014659999958e-01
2.468000030520000010e+01 1.098878712590000001e-01
2.473999977109999904e+01 1.098879425470000032e-01
2.479999923709999976e+01 1.098880153070000004e-01
2.486000061040000020e+01 1.098880896799999951e-01
2.492000007629999914e+01 1.098881655709999933e-01
2.497999954220000163e+01 1.098882430569999985e-01
2.504000091549999851e+01 1.098883221649999964e-01
2.510000038149999924e+01 1.098884028649999983e-01
2.515999984740000173e+01 1.098884853070000028e-01
2.521999931339999890e+01 1.098885693929999990e-01
2.528000068660000110e+01 1.098886552050000048e-01
2.534000015259999827e+01 1.098887427629999941e-01
2.539999961850000076e+01 1.098888320420000064e-01
2.545999908450000149e+01 1.098889231980000047e-01
2.552000045779999837e+01 1.098890161300000029e-01
2.557999992370000086e+01 1.098891109129999932e-01
2.563999938959999980e+01 1.098892075790000034e-01
2.570000076290000024e+01 1.098893060980000030e-01
2.576000022890000096e+01 1.098894066300000055e-01
2.581999969479999990e+01 1.098895090650000017e-01
2.587999916080000062e+01 1.098896134899999960e-01
2.594000053410000106e+01 1.098897199359999965e-01
2.600000000000000000e+01 1.098898283599999970e-01
2.605999946589999894e+01 1.098899389419999983e-01
2.612000083919999938e+01 1.098900515640000020e-01
2.618000030520000010e+01 1.098901663090000036e-01
2.623999977109999904e+01 1.098902832079999975e-01
2.629999923709999976e+01 1.098904022209999942e-01
2.636000061040000020e+01 1.098905235409999986e-01
2.642000007629999914e+01 1.098906470240000044e-01
2.647999954220000163e+01 1.098907727720000033e-01
2.654000091549999851e+01 1.098909008149999977e-01
2.660000038149999924e+01 1.098910311020000058e-01
2.665999984740000173e+01 1.098911638330000023e-01
2.671999931339999890e+01 1.098912988639999949e-01
2.678000068660000110e+01 1.098914363009999978e-01
2.684000015259999827e+01 1.098915761609999958e-01
2.689999961850000076e+01 1.098917183989999991e-01
2.695999908450000149e+01 1.098918632219999941e-01
2.702000045779999837e+01 1.098920104799999964e-01
2.707999992370000086e+01 1.098921602690000054e-01
2.713999938959999980e+01 1.098923126169999986e-01
2.720000076290000024e+01 1.098924674770000026e-01
2.726000022890000096e+01 1.098926250540000066e-01
2.731999969479999990e+01 1.098927851870000055e-01
2.737999916080000062e+01 1.098929479839999973e-01
2.744000053410000106e+01 1.098931134749999983e-01
2.750000000000000000e+01 1.098932815889999970e-01
2.755999946589999894e+01 1.098934525559999986e-01
2.762000083919999938e+01 1.098936262049999973e-01
2.768000030520000010e+01 1.098938026340000040e-01
2.773999977109999904e+01 1.098939818729999934e-01
2.779999923709999976e+01 1.098941638559999961e-01
2.786000061040000020e+01 1.098943488200000013e-01
2.792000007629999914e+01 1.098945365659999979e-01
2.797999954220000163e+01 1.098947272119999985e-01
2.804000091549999851e+01 1.098949207839999970e-01
2.810000038149999924e+01 1.098951172009999949e-01
2.815999984740000173e+01 1.098953167029999983e-01
2.821999931339999890e+01 1.098955190950000049e-01
2.828000068660000110e+01 1.098957244939999939e-01
2.834000015259999827e+01 1.098959329070000046e-01
2.839999961850000076e+01 1.098961442640000036e-01
2.845999908450000149e+01 1.098963588040000050e-01
2.852000045779999837e+01 1.098965763290000036e-01
2.857999992370000086e+01 1.098967969349999990e-01
2.863999938959999980e+01 1.098970206460000015e-01
2.870000076290000024e+01 1.098972473870000049e-01
2.876000022890000096e+01 1.098974773840000058e-01
2.881999969479999990e+01 1.098977104309999953e-01
2.887999916080000062e+01 1.098979466379999964e-01
2.894000053410000106e+01 1.098981860219999940e-01
2.900000000000000000e+01 1.098984284829999936e-01
2.905999946589999894e+01 1.098986742690000046e-01
2.912000083919999938e+01 1.098989231649999954e-01
2.918000030520000010e+01 1.098991752620000067e-01
2.923999977109999904e+01 1.098994305760000040e-01
2.929999923709999976e+01 1.098996890140000043e-01
2.936000061040000020e+01 1.098999508220000060e-01
2.942000007629999914e+01 1.099002157559999943e-01
2.947999954220000163e+01 1.099004839260000060e-01
2.954000091549999851e+01 1.099007553420000005e-01
2.960000038149999924e+01 1.099010298900000016e-01
2.965999984740000173e+01 1.099013078110000069e-01
2.971999931339999890e+01 1.099015888719999945e-01
2.978000068660000110e+01 1.099018731769999951e-01
2.984000015259999827e+01 1.099021607050000016e-01
2.989999961850000076e+01 1.099024513619999976e-01
2.995999908450000149e+01 1.099027453739999938e-01
3.002000045779999837e+01 1.099030425109999987e-01
3.007999992370000086e+01 1.099033428430000042e-01
3.013999938959999980e+01 1.099036463719999940e-01
3.020000076290000024e+01 1.099039529960000039e-01
3.026000022890000096e+01 1.099042629140000032e-01
3.031999969479999990e+01 1.099045758920000060e-01
3.037999916080000062e+01 1.099048920109999966e-01
3.044000053410000106e+01 1.099052112640000051e-01
3.050000000000000000e+01 1.099055335180000037e-01
3.055999946589999894e+01 1.099058589849999934e-01
3.062000083919999938e+01 1.099061874319999937e-01
3.068000030520000010e+01 1.099065189089999950e-01
3.073999977109999904e+01 1.099068534000000041e-01
3.079999923709999976e+01 1.099071907890000060e-01
3.086000061040000020e+01 1.099075312719999947e-01
3.092000007629999914e+01 1.099078745840000038e-01
3.097999954220000163e+01 1.099082207949999973e-01
3.104000091549999851e+01 1.099085698810000067e-01
3.110000038149999924e+01 1.099089216999999952e-01
3.115999984740000173e+01 1.099092764270000050e-01
3.121999931339999890e+01 1.099096338239999998e-01
3.128000068660000110e+01 1.099099939440000007e-01
3.134000015259999827e+01 1.099103567229999939e-01
3.139999961850000076e+01 1.099107220479999952e-01
3.145999908450000149e+01 1.099110900599999940e-01
3.152000045779999837e+01 1.099114605359999969e-01
3.157999992370000086e+01 1.099118334799999985e-01
3.163999938959999980e+01 1.099122088539999931e-01
3.170000076290000024e+01 1.099125865399999957e-01
3.176000022890000096e+01 1.099129666280000001e-01
3.181999969479999990e+01 1.099133489060000052e-01
3.187999916080000062e+01 1.099137333820000006e-01
3.194000053410000106e+01 1.099141200059999962e-01
3.200000000000000000e+01 1.099145086259999959e-01
3.206000137329999689e+01 1.099148993460000029e-01
3.211999893189999966e+01 1.099152919159999964e-01
3.218000030519999655e+01 1.099156863759999936e-01
3.224000167850000054e+01 1.099160826270000058e-01
3.229999923710000331e+01 1.099164805160000036e-01
3.236000061040000020e+01 1.099168801359999975e-01
3.241999816890000119e+01 1.099172812399999977e-01
3.247999954219999807e+01 1.099176838450000027e-01
3.254000091550000207e+01 1.099180878410000034e-01
3.259999847409999774e+01 1.099184930769999957e-01
3.265999984740000173e+01 1.099188996049999950e-01
3.272000122069999861e+01 1.099193072230000012e-01
3.277999877930000139e+01 1.099197158450000017e-01
3.284000015259999827e+01 1.099201254289999957e-01
3.290000152590000226e+01 1.099205358260000043e-01
3.295999908449999793e+01 1.099209469639999964e-01
3.302000045780000193e+01 1.099213587430000055e-01
3.308000183109999881e+01 1.099217710509999973e-01
3.313999938959999980e+01 1.099221837549999997e-01
3.320000076289999669e+01 1.099225967899999934e-01
3.325999832149999946e+01 1.099230100069999994e-01
3.331999969480000345e+01 1.099234233350000062e-01
3.338000106810000034e+01 1.099238366329999966e-01
3.343999862670000311e+01 1.099242497560000004e-01
3.350000000000000000e+01 1.099246626459999959e-01
3.356000137329999689e+01 1.099250751259999992e-01
3.361999893189999966e+01 1.099254870779999976e-01
3.368000030519999655e+01 1.099258984100000003e-01
3.374000167850000054e+01 1.099263089660000026e-01
3.379999923710000331e+01 1.099267186169999994e-01
3.386000061040000020e+01 1.099271272070000000e-01
3.391999816890000119e+01 1.099275346270000009e-01
3.397999954219999807e+01 1.099279407549999948e-01
3.404000091550000207e+01 1.099283454220000011e-01
3.409999847409999774e+01 1.099287485129999964e-01
3.415999984740000173e+01 1.099291498060000066e-01
3.422000122069999861e+01 1.099295492620000064e-01
3.427999877930000139e+01 1.099299466460000041e-01
3.434000015259999827e+01 1.099303418589999970e-01
3.440000152590000226e+01 1.099307347940000068e-01
3.445999908449999793e+01 1.099311250919999955e-01
3.452000045780000193e+01 1.099315128320000057e-01
3.458000183109999881e+01 1.099318977470000042e-01
3.463999938959999980e+01 1.099322796520000034e-01
3.470000076289999669e+01 1.099326585300000048e-01
3.475999832149999946e+01 1.099330339299999931e-01
3.481999969480000345e+01 1.099334059779999984e-01
3.488000106810000034e+01 1.099337743739999956e-01
3.493999862670000311e+01 1.099341389249999940e-01
3.500000000000000000e+01 1.099344996300000016e-01
3.506000137329999689e+01 1.099348559910000023e-01
3.511999893189999966e+01 1.099352081180000051e-01
3.518000030519999655e+01 1.099355557460000021e-01
3.524000167850000054e+01 1.099358986729999932e-01
3.529999923710000331e+01 1.099362368499999937e-01
3.536000061040000020e+01 1.099365697740000009e-01
3.541999816890000119e+01 1.099368975930000020e-01
3.547999954219999807e+01 1.099372200009999939e-01
3.554000091550000207e+01 1.099375367949999988e-01
3.559999847409999774e+01 1.099378479460000058e-01
3.565999984740000173e+01 1.099381528769999977e-01
3.572000122069999861e+01 1.099384518179999937e-01
3.577999877930000139e+01 1.099387443699999939e-01
3.584000015259999827e+01 1.099390303799999968e-01
3.590000152590000226e+01 1.099393098480000025e-01
3.595999908449999793e+01 1.099395820639999938e-01
3.602000045780000193e+01 1.099398473779999996e-01
3.608000183109999881e+01 1.099401053580000009e-01
3.613999938959999980e+01 1.099403557960000055e-01
3.620000076289999669e+01 1.099405987660000000e-01
3.625999832149999946e+01 1.099408334739999937e-01
3.631999969480000345e+01 1.099410603309999984e-01
3.638000106810000034e+01 1.099412788759999982e-01
3.643999862670000311e+01 1.099414889020000063e-01
3.650000000000000000e+01 1.099416905070000061e-01
3.656000137329999689e+01 1.099418828389999991e-01
3.661999893189999966e+01 1.099420663420000027e-01
3.668000030519999655e+01 1.099422405609999931e-01
3.674000167850000054e+01 1.099424052909999949e-01
3.679999923710000331e+01 1.099425606239999992e-01
3.686000061040000020e+01 1.099427056709999934e-01
3.691999816890000119e+01 1.099428409420000058e-01
3.697999954219999807e+01 1.099429659480000016e-01
3.704000091550000207e+01 1.099430804880000001e-01
3.709999847409999774e+01 1.099431846900000009e-01
3.715999984740000173e+01 1.099432775930000022e-01
3.722000122069999861e+01 1.099433597910000060e-01
3.727999877930000139e+01 1.099434307480000039e-01
3.734000015259999827e+01 1.099434902860000063e-01
3.740000152590000226e+01 1.099435385689999933e-01
3.745999908449999793e+01 1.099435745570000039e-01
3.752000045780000193e+01 1.099435989310000028e-01
3.758000183109999881e+01 1.099436111329999965e-01
3.763999938959999980e+01 1.099436109840000036e-01
3.770000076289999669e+01 1.099435986889999994e-01
3.775999832149999946e+01 1.099435731539999961e-01
3.781999969480000345e+01 1.099435351229999941e-01
3.788000106810000034e+01 1.099434840279999992e-01
3.793999862670000311e+01 1.099434197009999947e-01
3.800000000000000000e+01 1.099433423759999945e-01
3.806000137329999689e+01 1.099432509090000065e-01
3.811999893189999966e+01 1.099431461289999967e-01
3.818000030519999655e+01 1.099430274359999987e-01
3.824000167850000054e+01 1.099428946780000027e-01
3.829999923710000331e+01 1.099427481459999967e-01
3.836000061040000020e+01 1.099425866250000050e-01
3.841999816890000119e+01 1.099424110320000036e-01
3.847999954219999807e+01 1.099422207480000024e-01
3.854000091550000207e+01 1.099420156380000041e-01
3.859999847409999774e+01 1.099417960360000029e-01
3.865999984740000173e+01 1.099415606840000031e-01
3.872000122069999861e+01 1.099413105559999965e-01
3.877999877930000139e+01 1.099410450709999987e-01
3.884000015259999827e+01 1.099407640669999991e-01
3.890000152590000226e+01 1.099404679159999981e-01
3.895999908449999793e+01 1.099401553809999932e-01
3.902000045780000193e+01 1.099398274489999938e-01
3.908000183109999881e+01 1.099394835399999937e-01
3.913999938959999980e+01 1.099391235679999940e-01
3.920000076289999669e+01 1.099387478840000015e-01
3.925999832149999946e+01 1.099383552579999979e-01
3.931999969480000345e+01 1.099379467269999966e-01
3.938000106810000034e+01 1.099375217210000061e-01
3.943999862670000311e+01 1.099370801849999940e-01
3.950000000000000000e+01 1.099366224929999997e-01
3.956000137329999689e+01 1.099361473880000051e-01
3.961999893189999966e+01 1.099356560429999990e-01
3.968000030519999655e+01 1.099351478149999950e-01
3.974000167850000054e+01 1.099346226729999987e-01
3.979999923710000331e+01 1.099340811199999990e-01
3.986000061040000020e+01 1.099335218039999978e-01
3.991999816890000119e+01 1.099329459869999998e-01
3.997999954219999807e+01 1.099323530310000047e-01
4.004000091550000207e+01 1.099317429390000017e-01
4.009999847409999774e+01 1.099311162519999996e-01
4.015999984740000173e+01 1.099304716240000063e-01
4.022000122069999861e+01 1.099298103239999963e-01
4.027999877930000139e+01 1.099291318550000007e-01
4.034000015259999827e+01 1.099284361280000039e-01
4.040000152590000226e+01 1.099277237160000004e-01
4.045999908449999793e+01 1.099269934279999972e-01
4.052000045780000193e+01 1.099262464310000048e-01
4.058000183109999881e+01 1.099254822630000017e-01
4.063999938959999980e+01 1.099247009999999997e-01
4.070000076289999669e+01 1.099239031019999951e-01
4.075999832149999946e+01 1.099230874739999947e-01
4.081999969480000345e+01 1.099222552920000040e-01
4.088000106810000034e+01 1.099214061369999940e-01
4.093999862670000311e+01 1.099205401240000018e-01
4.100000000000000000e+01 1.099196577249999945e-01
4.106000137329999689e+01 1.099187578520000041e-01
4.111999893189999966e+01 1.099178418550000036e-01
4.118000030519999655e+01 1.099169091899999950e-01
4.124000167850000054e+01 1.099159600070000048e-01
4.129999923710000331e+01 1.099149949710000046e-01
4.136000061040000020e+01 1.099140128829999979e-01
4.141999816890000119e+01 1.099130151600000022e-01
4.147999954219999807e+01 1.099120012950000058e-01
4.154000091550000207e+01 1.099109714779999969e-01
4.159999847409999774e+01 1.099099263960000017e-01
4.165999984740000173e+01 1.099088649189999961e-01
4.172000122069999861e+01 1.099077883910000025e-01
4.177999877930000139e+01 1.099066965589999972e-01
4.184000015259999827e+01 1.099055894449999932e-01
4.190000152590000226e+01 1.099044677490000066e-01
4.195999908449999793e+01 1.099033306379999936e-01
4.202000045780000193e+01 1.099021792220000043e-01
4.208000183109999881e+01 1.099010133109999954e-01
4.213999938959999980e+01 1.098998331739999973e-01
4.220000076289999669e+01 1.098986392980000060e-01
4.225999832149999946e+01 1.098974310340000010e-01
4.231999969480000345e+01 1.098962094439999981e-01
4.238000106810000034e+01 1.098949744099999987e-01
4.243999862670000311e+01 1.098937262380000057e-01
4.250000000000000000e+01 1.098924654050000005e-01
4.256000137329999689e+01 1.098911913069999940e-01
4.261999893189999966e+01 1.098899051919999953e-01
4.268000030519999655e+01 1.098886067679999967e-01
4.274000167850000054e+01 1.098872963799999991e-01
4.279999923710000331e+01 1.098859747389999975e-01
4.286000061040000020e+01 1.098846411210000068e-01
4.291999816890000119e+01 1.098832967980000047e-01
4.297999954219999807e+01 1.098819415450000003e-01
4.304000091550000207e+01 1.098805757399999999e-01
4.309999847409999774e+01 1.098792000870000007e-01
4.315999984740000173e+01 1.098778139900000034e-01
4.322000122069999861e+01 1.098764185629999973e-01
4.327999877930000139e+01 1.098750139180000029e-01
4.334000015259999827e+01 1.098736001979999932e-01
4.340000152590000226e+01 1.098721780890000027e-01
4.345999908449999793e+01 1.098707474069999940e-01
4.352000045780000193e+01 1.098693089079999935e-01
4.358000183109999881e+01 1.098678627820000031e-01
4.363999938959999980e+01 1.098664094729999985e-01
4.370000076289999669e+01 1.098649493640000002e-01
4.375999832149999946e+01 1.098634825230000028e-01
4.381999969480000345e+01 1.098620095939999985e-01
4.388000106810000034e+01 1.098605308530000019e-01
4.393999862670000311e+01 1.098590467690000044e-01
4.400000000000000000e+01 1.098575576899999962e-01
4.406000137329999689e+01 1.098560637490000047e-01
4.411999893189999966e+01 1.098545657599999947e-01
4.418000030519999655e+01 1.098530637960000028e-01
4.424000167850000054e+01 1.098515583489999975e-01
4.429999923710000331e+01 1.098500500079999942e-01
4.436000061040000020e+01 1.098485387889999998e-01
4.441999816890000119e+01 1.098470254740000068e-01
4.447999954219999807e+01 1.098455102169999947e-01
4.454000091550000207e+01 1.098439935259999944e-01
4.459999847409999774e+01 1.098424759489999986e-01
4.465999984740000173e+01 1.098409576630000051e-01
4.472000122069999861e+01 1.098394392219999988e-01
4.477999877930000139e+01 1.098379211470000005e-01
4.484000015259999827e+01 1.098364036719999964e-01
4.490000152590000226e+01 1.098348872909999940e-01
4.495999908449999793e+01 1.098333726399999960e-01
4.502000045780000193e+01 1.098318598389999984e-01
4.508000183109999881e+01 1.098303494850000062e-01
4.513999938959999980e+01 1.098288421129999942e-01
4.520000076289999669e+01 1.098273378689999941e-01
4.525999832149999946e+01 1.098258376509999995e-01
4.531999969480000345e+01 1.098243414310000055e-01
4.538000106810000034e+01 1.098228498770000006e-01
4.543999862670000311e+01 1.098213635290000018e-01
4.550000000000000000e+01 1.098198824720000022e-01
4.556000137329999689e+01 1.098184076729999958e-01
4.561999893189999966e+01 1.098169392290000018e-01
4.568000030519999655e+01 1.098154775959999940e-01
4.574000167850000054e+01 1.098140233149999950e-01
4.579999923710000331e+01 1.098125766819999932e-01
4.586000061040000020e+01 1.098111385479999952e-01
4.591999816890000119e+01 1.098097089350000000e-01
4.597999954219999807e+01 1.098082883700000068e-01
4.604000091550000207e+01 1.098068773869999987e-01
4.609999847409999774e+01 1.098054762080000052e-01
4.615999984740000173e+01 1.098040858429999989e-01
4.622000122069999861e+01 1.098027060539999988e-01
4.627999877930000139e+01 1.098013376980000039e-01
4.634000015259999827e+01 1.097999810340000021e-01
4.640000152590000226e+01 1.097986362070000055e-01
4.645999908449999793e+01 1.097973046360000010e-01
4.652000045780000193e+01 1.097959856560000030e-01
4.658000183109999881e+01 1.097946801759999980e-01
4.663999938959999980e+01 1.097933886990000024e-01
4.670000076289999669e+01 1.097921110369999981e-01
4.675999832149999946e+01 1.097908488270000066e-01
4.681999969480000345e+01 1.097896012420000039e-01
4.688000106810000034e+01 1.097883692359999941e-01
4.693999862670000311e+01 1.097871532879999973e-01
4.700000000000000000e+01 1.097859531389999976e-01
4.706000137329999689e+01 1.097847704669999980e-01
4.711999893189999966e+01 1.097836045140000022e-01
4.718000030519999655e+01 1.097824560430000068e-01
4.724000167850000054e+01 1.097813255110000052e-01
4.729999923710000331e+01 1.097802127980000014e-01
4.736000061040000020e+01 1.097791194790000008e-01
4.741999816890000119e+01 1.097780446979999963e-01
4.747999954219999807e+01 1.097769892619999965e-01
4.754000091550000207e+01 1.097759535950000032e-01
4.759999847409999774e+01 1.097749374869999989e-01
4.765999984740000173e+01 1.097739426270000068e-01
4.772000122069999861e+01 1.097729679270000036e-01
4.777999877930000139e+01 1.097720144149999938e-01
4.784000015259999827e+01 1.097710822909999939e-01
4.790000152590000226e+01 1.097701712640000021e-01
4.795999908449999793e+01 1.097692832909999971e-01
4.802000045780000193e+01 1.097684169559999950e-01
4.808000183109999881e+01 1.097675732989999986e-01
4.813999938959999980e+01 1.097667526590000026e-01
4.820000076289999669e+01 1.097659544960000039e-01
4.825999832149999946e+01 1.097651808829999964e-01
4.831999969480000345e+01 1.097644302789999998e-01
4.838000106810000034e+01 1.097637037209999999e-01
4.843999862670000311e+01 1.097630015030000017e-01
4.850000000000000000e+01 1.097623230219999940e-01
4.856000137329999689e+01 1.097616703459999982e-01
4.861999893189999966e+01 1.097610419410000038e-01
4.868000030519999655e+01 1.097604387129999942e-01
4.874000167850000054e+01 1.097598609100000067e-01
4.879999923710000331e+01 1.097593079790000065e-01
4.886000061040000020e+01 1.097587819059999970e-01
4.891999816890000119e+01 1.097582810670000020e-01
4.897999954219999807e+01 1.097578063709999940e-01
4.904000091550000207e+01 1.097573580160000062e-01
4.909999847409999774e+01 1.097569353689999971e-01
4.915999984740000173e+01 1.097565404490000035e-01
4.922000122069999861e+01 1.097561714890000067e-01
4.927999877930000139e+01 1.097558294620000069e-01
4.934000015259999827e+01 1.097555144429999963e-01
4.940000152590000226e+01 1.097552257300000028e-01
4.945999908449999793e+01 1.097549654100000022e-01
4.952000045780000193e+01 1.097547315660000050e-01
4.958000183109999881e+01 1.097545251370000002e-01
4.963999938959999980e+01 1.097543462070000031e-01
4.970000076289999669e+01 1.097541939669999939e-01
4.975999832149999946e+01 1.097540704870000050e-01
4.981999969480000345e+01 1.097539737960000067e-01
4.988000106810000034e+01 1.097539047860000005e-01
4.993999862670000311e+01 1.097538634829999943e-01
5.000000000000000000e+01 1.097538490430000069e-01
5.006000137329999689e+01 1.097538634829999943e-01
5.011999893189999966e+01 1.097539047860000005e-01
5.018000030519999655e+01 1.097539737960000067e-01
5.024000167850000054e+01 1.097540704870000050e-01
5.029999923710000331e+01 1.097541939669999939e-01
5.036000061040000020e+01 1.097543462070000031e-01
5.041999816890000119e+01 1.097545251370000002e-01
5.047999954219999807e+01 1.097547315660000050e-01
5.054000091550000207e+01 1.097549654100000022e-01
5.059999847409999774e+01 1.097552257300000028e-01
5.065999984740000173e+01 1.097555144429999963e-01
5.072000122069999861e+01 1.097558294620000069e-01
5.077999877930000139e+01 1.097561714890000067e-01
5.084000015259999827e+01 1.097565404490000035e-01
5.090000152590000226e+01 1.097569353689999971e-01
5.095999908449999793e+01 1.097573580160000062e-01
5.102000045780000193e+01 1.097578063709999940e-01
5.108000183109999881e+01 1.097582810670000020e-01
5.113999938959999980e+01 1.097587819059999970e-01
5.120000076289999669e+01 1.097593079790000065e-01
5.125999832149999946e+01 1.097598609100000067e-01
5.131999969480000345e+01 1.097604387129999942e-01
5.138000106810000034e+01 1.097610419410000038e-01
5.143999862670000311e+01 1.097616703459999982e-01
5.150000000000000000e+01 1.097623230219999940e-01
5.156000137329999689e+01 1.097630015030000017e-01
5.161999893189999966e+01 1.097637037209999999e-01
5.168000030519999655e+01 1.097644302789999998e-01
5.174000167850000054e+01 1.097651808829999964e-01
5.179999923710000331e+01 1.097659544960000039e-01
5.186000061040000020e+01 1.097667526590000026e-01
5.191999816890000119e+01 1.097675732989999986e-01
5.197999954219999807e+01 1.097684169559999950e-01
5.204000091550000207e+01 1.097692832909999971e-01
5.209999847409999774e+01 1.097701712640000021e-01
5.215999984740000173e+01 1.097710822909999939e-01
5.222000122069999861e+01 1.097720144149999938e-01
5.227999877930000139e+01 1.097729679270000036e-01
5.234000015259999827e+01 1.097739426270000068e-01
5.240000152590000226e+01 1.097749374869999989e-01
5.245999908449999793e+01 1.097759535950000032e-01
5.252000045780000193e+01 1.097769892619999965e-01
5.258000183109999881e+01 1.097780446979999963e-01
5.263999938959999980e+01 1.097791194790000008e-01
5.270000076289999669e+01 1.097802127980000014e-01
5.275999832149999946e+01 1.097813255110000052e-01
5.281999969480000345e+01 1.097824560430000068e-01
5.288000106810000034e+01 1.097836045140000022e-01
5.293999862670000311e+01 1.097847704669999980e-01
5.300000000000000000e+01 1.097859531389999976e-01
5.306000137329999689e+01 1.097871532879999973e-01
5.311999893189999966e+01 1.097883692359999941e-01
5.318000030519999655e+01 1.097896012420000039e-01
5.324000167850000054e+01 1.097908488270000066e-01
5.329999923710000331e+01 1.097921110369999981e-01
5.336000061040000020e+01 1.097933886990000024e-01
5.341999816890000119e+01 1.097946801759999980e-01
5.347999954219999807e+01 1.097959856560000030e-01
5.354000091550000207e+01 1.097973046360000010e-01
5.359999847409999774e+01 1.097986362070000055e-01
5.365999984740000173e+01 1.097999810340000021e-01
5.372000122069999861e+01 1.098013376980000039e-01
5.377999877930000139e+01 1.098027060539999988e-01
5.384000015259999827e+01 1.098040858429999989e-01
5.390000152590000226e+01 1.098054762080000052e-01
5.395999908449999793e+01 1.098068773869999987e-01
5.402000045780000193e+01 1.098082883700000068e-01
5.408000183109999881e+01 1.098097089350000000e-01
5.413999938959999980e+01 1.098111385479999952e-01
5.420000076289999669e+01 1.098125766819999932e-01
5.425999832149999946e+01 1.098140233149999950e-01
5.431999969480000345e+01 1.098154775959999940e-01
5.438000106810000034e+01 1.098169392290000018e-01
5.443999862670000311e+01 1.098184076729999958e-01
5.450000000000000000e+01 1.098198824720000022e-01
5.456000137329999689e+01 1.098213635290000018e-01
5.461999893189999966e+01 1.098228498770000006e-01
5.468000030519999655e+01 1.098243414310000055e-01
5.474000167850000054e+01 1.098258376509999995e-01
5.479999923710000331e+01 1.098273378689999941e-01
5.486000061040000020e+01 1.098288421129999942e-01
5.491999816890000119e+01 1.098303494850000062e-01
5.497999954219999807e+01 1.098318598389999984e-01
5.504000091550000207e+01 1.098333726399999960e-01
5.509999847409999774e+01 1.098348872909999940e-01
5.515999984740000173e+01 1.098364036719999964e-01
5.522000122069999861e+01 1.098379211470000005e-01
5.527999877930000139e+01 1.098394392219999988e-01
5.534000015259999827e+01 1.098409576630000051e-01
5.540000152590000226e+01 1.098424759489999986e-01
5.545999908449999793e+01 1.098439935259999944e-01
5.552000045780000193e+01 1.098455102169999947e-01
5.558000183109999881e+01 1.098470254740000068e-01
5.563999938959999980e+01 1.098485387889999998e-01
5.570000076289999669e+01 1.098500500079999942e-01
5.575999832149999946e+01 1.098515583489999975e-01
5.581999969480000345e+01 1.098530637960000028e-01
5.588000106810000034e+01 1.098545657599999947e-01
5.593999862670000311e+01 1.098560637490000047e-01
5.600000000000000000e+01 1.098575576899999962e-01
5.606000137329999689e+01 1.098590467690000044e-01
5.611999893189999966e+01 1.098605308530000019e-01
5.618000030519999655e+01 1.098620095939999985e-01
5.624000167850000054e+01 1.098634825230000028e-01
5.629999923710000331e+01 1.098649493640000002e-01
5.636000061040000020e+01 1.098664094729999985e-01
5.641999816890000119e+01 1.098678627820000031e-01
5.647999954219999807e+01 1.098693089079999935e-01
5.654000091550000207e+01 1.098707474069999940e-01
5.659999847409999774e+01 1.098721780890000027e-01
5.665999984740000173e+01 1.098736001979999932e-01
5.672000122069999861e+01 1.098750139180000029e-01
5.677999877930000139e+01 1.098764185629999973e-01
5.684000015259999827e+01 1.098778139900000034e-01
5.690000152590000226e+01 1.098792000870000007e-01
5.695999908449999793e+01 1.098805757399999999e-01
5.702000045780000193e+01 1.098819415450000003e-01
5.708000183109999881e+01 1.098832967980000047e-01
5.713999938959999980e+01 1.098846411210000068e-01
5.720000076289999669e+01 1.098859747389999975e-01
5.725999832149999946e+01 1.098872963799999991e-01
5.731999969480000345e+01 1.098886067679999967e-01
5.738000106810000034e+01 1.098899051919999953e-01
5.743999862670000311e+01 1.098911913069999940e-01
5.750000000000000000e+01 1.098924654050000005e-01
5.756000137329999689e+01 1.098937262380000057e-01
5.761999893189999966e+01 1.098949744099999987e-01
5.768000030519999655e+01 1.098962094439999981e-01
5.774000167850000054e+01 1.098974310340000010e-01
5.779999923710000331e+01 1.098986392980000060e-01
5.786000061040000020e+01 1.098998331739999973e-01
5.791999816890000119e+01 1.099010133109999954e-01
5.797999954219999807e+01 1.099021792220000043e-01
5.804000091550000207e+01 1.099033306379999936e-01
5.809999847409999774e+01 1.099044677490000066e-01
5.815999984740000173e+01 1.099055894449999932e-01
5.822000122069999861e+01 1.099066965589999972e-01
5.827999877930000139e+01 1.099077883910000025e-01
5.834000015259999827e+01 1.099088649189999961e-01
5.840000152590000226e+01 1.099099263960000017e-01
5.845999908449999793e+01 1.099109714779999969e-01
5.852000045780000193e+01 1.099120012950000058e-01
5.858000183109999881e+01 1.099130151600000022e-01
5.863999938959999980e+01 1.099140128829999979e-01
5.870000076289999669e+01 1.099149949710000046e-01
5.875999832149999946e+01 1.099159600070000048e-01
5.881999969480000345e+01 1.099169091899999950e-01
5.888000106810000034e+01 1.099178418550000036e-01
5.893999862670000311e+01 1.099187578520000041e-01
5.900000000000000000e+01 1.099196577249999945e-01
5.906000137329999689e+01 1.099205401240000018e-01
5.911999893189999966e+01 1.099214061369999940e-01
5.918000030519999655e+01 1.099222552920000040e-01
5.924000167850000054e+01 1.099230874739999947e-01
5.929999923710000331e+01 1.099239031019999951e-01
5.936000061040000020e+01 1.099247009999999997e-01
5.941999816890000119e+01 1.099254822630000017e-01
5.947999954219999807e+01 1.099262464310000048e-01
5.954000091550000207e+01 1.099269934279999972e-01
5.959999847409999774e+01 1.099277237160000004e-01
5.965999984740000173e+01 1.099284361280000039e-01
5.972000122069999861e+01 1.099291318550000007e-01
5.977999877930000139e+01 1.099298103239999963e-01
5.984000015259999827e+01 1.099304716240000063e-01
5.990000152590000226e+01 1.099311162519999996e-01
5.995999908449999793e+01 1.099317429390000017e-01
6.002000045780000193e+01 1.099323530310000047e-01
6.008000183109999881e+01 1.099329459869999998e-01
6.013999938959999980e+01 1.099335218039999978e-01
6.020000076289999669e+01 1.099340811199999990e-01
6.025999832149999946e+01 1.099346226729999987e-01
6.031999969480000345e+01 1.099351478149999950e-01
6.038000106810000034e+01 1.099356560429999990e-01
6.043999862670000311e+01 1.099361473880000051e-01
6.050000000000000000e+01 1.099366224929999997e-01
6.056000137329999689e+01 1.099370801849999940e-01
6.061999893189999966e+01 1.099375217210000061e-01
6.068000030519999655e+01 1.099379467269999966e-01
6.074000167850000054e+01 1.099383552579999979e-01
6.079999923710000331e+01 1.099387478840000015e-01
6.086000061040000020e+01 1.099391235679999940e-01
6.091999816890000119e+01 1.099394835399999937e-01
6.097999954219999807e+01 1.099398274489999938e-01
6.104000091550000207e+01 1.099401553809999932e-01
6.109999847409999774e+01 1.099404679159999981e-01
6.115999984740000173e+01 1.099407640669999991e-01
6.122000122069999861e+01 1.099410450709999987e-01
6.127999877930000139e+01 1.099413105559999965e-01
6.134000015259999827e+01 1.099415606840000031e-01
6.140000152590000226e+01 1.099417960360000029e-01
6.145999908449999793e+01 1.099420156380000041e-01
6.152000045780000193e+01 1.099422207480000024e-01
6.158000183109999881e+01 1.099424110320000036e-01
6.163999938959999980e+01 1.099425866250000050e-01
6.170000076289999669e+01 1.099427481459999967e-01
6.175999832149999946e+01 1.099428946780000027e-01
6.181999969480000345e+01 1.099430274359999987e-01
6.188000106810000034e+01 1.099431461289999967e-01
6.193999862670000311e+01 1.099432509090000065e-01
6.200000000000000000e+01 1.099433423759999945e-01
6.206000137329999689e+01 1.099434197009999947e-01
6.211999893189999966e+01 1.099434840279999992e-01
6.218000030519999655e+01 1.099435351229999941e-01
6.224000167850000054e+01 1.099435731539999961e-01
6.229999923710000331e+01 1.099435986889999994e-01
6.236000061040000020e+01 1.099436109840000036e-01
6.241999816890000119e+01 1.099436111329999965e-01
6.247999954219999807e+01 1.099435989310000028e-01
6.254000091550000207e+01 1.099435745570000039e-01
6.259999847409999774e+01 1.099435385689999933e-01
6.265999984740000173e+01 1.099434902860000063e-01
6.272000122069999861e+01 1.099434307480000039e-01
6.277999877930000139e+01 1.099433597910000060e-01
6.284000015259999827e+01 1.099432775930000022e-01
6.290000152590000226e+01 1.099431846900000009e-01
6.295999908449999793e+01 1.099430804880000001e-01
6.302000045780000193e+01 1.099429659480000016e-01
6.308000183109999881e+01 1.099428409420000058e-01
6.313999938959999980e+01 1.099427056709999934e-01
6.320000076289999669e+01 1.099425606239999992e-01
6.325999832149999946e+01 1.099424052909999949e-01
6.331999969480000345e+01 1.099422405609999931e-01
6.338000106810000034e+01 1.099420663420000027e-01
6.343999862670000311e+01 1.099418828389999991e-01
6.350000000000000000e+01 1.099416905070000061e-01
6.356000137329999689e+01 1.099414889020000063e-01
6.361999893189999966e+01 1.099412788759999982e-01
6.368000030519999655e+01 1.099410603309999984e-01
6.374000167850000054e+01 1.099408334739999937e-01
6.379999923710000331e+01 1.099405987660000000e-01
6.386000061040000020e+01 1.099403557960000055e-01
6.391999816890000119e+01 1.099401053580000009e-01
6.397999954219999807e+01 1.099398473779999996e-01
6.404000091550000207e+01 1.099395820639999938e-01
6.409999847410000484e+01 1.099393098480000025e-01
6.416000366209999584e+01 1.099390303620000064e-01
6.422000122069999861e+01 1.099387443699999939e-01
6.427999877930000139e+01 1.099384518179999937e-01
6.433999633790000416e+01 1.099381528959999937e-01
6.440000152589999516e+01 1.099378479460000058e-01
6.445999908449999793e+01 1.099375367949999988e-01
6.451999664310000071e+01 1.099372200209999956e-01
6.458000183110000592e+01 1.099368975930000020e-01
6.463999938960000691e+01 1.099365697740000009e-01
6.469999694819999547e+01 1.099362368710000010e-01
6.476000213620000068e+01 1.099358986509999941e-01
6.481999969480000345e+01 1.099355557460000021e-01
6.487999725340000623e+01 1.099352081409999959e-01
6.494000244139999722e+01 1.099348559679999976e-01
6.500000000000000000e+01 1.099344996300000016e-01
6.505999755860000278e+01 1.099341389479999986e-01
6.512000274659999377e+01 1.099337743510000048e-01
6.518000030519999655e+01 1.099334059779999984e-01
6.523999786379999932e+01 1.099330339529999978e-01
6.530000305180000453e+01 1.099326585059999944e-01
6.536000061039999309e+01 1.099322796520000034e-01
6.541999816889999408e+01 1.099318977470000042e-01
6.548000335689999929e+01 1.099315128079999954e-01
6.554000091550000207e+01 1.099311250919999955e-01
6.559999847410000484e+01 1.099307347940000068e-01
6.566000366209999584e+01 1.099303418339999949e-01
6.572000122069999861e+01 1.099299466460000041e-01
6.577999877930000139e+01 1.099295492620000064e-01
6.583999633790000416e+01 1.099291498320000005e-01
6.590000152589999516e+01 1.099287485129999964e-01
6.595999908449999793e+01 1.099283454220000011e-01
6.601999664310000071e+01 1.099279407799999969e-01
6.608000183110000592e+01 1.099275346270000009e-01
6.613999938960000691e+01 1.099271272070000000e-01
6.619999694819999547e+01 1.099267186429999932e-01
6.626000213620000068e+01 1.099263089399999949e-01
6.631999969480000345e+01 1.099258984100000003e-01
6.637999725340000623e+01 1.099254871049999971e-01
6.644000244139999722e+01 1.099250751000000054e-01
6.650000000000000000e+01 1.099246626459999959e-01
6.655999755860000278e+01 1.099242497819999942e-01
6.662000274659999377e+01 1.099238366059999972e-01
6.668000030519999655e+01 1.099234233350000062e-01
6.673999786379999932e+01 1.099230100339999988e-01
6.680000305180000453e+01 1.099225967639999996e-01
6.686000061039999309e+01 1.099221837549999997e-01
6.691999816889999408e+01 1.099217710509999973e-01
6.698000335689999929e+01 1.099213587169999978e-01
6.704000091550000207e+01 1.099209469639999964e-01
6.709999847410000484e+01 1.099205358260000043e-01
6.716000366209999584e+01 1.099201254030000019e-01
6.722000122069999861e+01 1.099197158450000017e-01
6.727999877930000139e+01 1.099193072230000012e-01
6.733999633790000416e+01 1.099188996310000027e-01
6.740000152589999516e+01 1.099184930769999957e-01
6.745999908449999793e+01 1.099180878410000034e-01
6.751999664310000071e+01 1.099176838700000047e-01
6.758000183110000592e+01 1.099172812399999977e-01
6.763999938960000691e+01 1.099168801359999975e-01
6.769999694819999547e+01 1.099164805410000056e-01
6.776000213620000068e+01 1.099160826020000037e-01
6.781999969480000345e+01 1.099156863759999936e-01
6.787999725340000623e+01 1.099152919420000041e-01
6.794000244139999722e+01 1.099148993210000008e-01
6.800000000000000000e+01 1.099145086259999959e-01
6.805999755860000278e+01 1.099141200179999944e-01
6.812000274659999377e+01 1.099137333689999968e-01
6.818000030519999655e+01 1.099133489060000052e-01
6.823999786379999932e+01 1.099129666399999983e-01
6.830000305180000453e+01 1.099125865159999993e-01
6.836000061039999309e+01 1.099122088539999931e-01
6.841999816889999408e+01 1.099118334919999967e-01
6.848000335689999929e+01 1.099114605120000004e-01
6.854000091550000207e+01 1.099110900599999940e-01
6.859999847410000484e+01 1.099107220599999934e-01
6.866000366209999584e+01 1.099103567000000031e-01
6.872000122069999861e+01 1.099099939320000024e-01
6.877999877930000139e+01 1.099096338350000063e-01
6.883999633790000416e+01 1.099092764499999958e-01
6.890000152589999516e+01 1.099089216890000026e-01
6.895999908449999793e+01 1.099085698810000067e-01
6.901999664310000071e+01 1.099082208169999963e-01
6.908000183110000592e+01 1.099078745729999973e-01
6.913999938960000691e+01 1.099075312719999947e-01
6.919999694819999547e+01 1.099071908110000051e-01
6.926000213620000068e+01 1.099068533900000033e-01
6.931999969480000345e+01 1.099065189089999950e-01
6.937999725340000623e+01 1.099061874419999946e-01
6.944000244139999722e+01 1.099058589740000008e-01
6.950000000000000000e+01 1.099055335180000037e-01
6.955999755860000278e+01 1.099052112740000059e-01
6.962000274659999377e+01 1.099048920000000040e-01
6.968000030519999655e+01 1.099045758920000060e-01
6.973999786379999932e+01 1.099042629240000041e-01
6.980000305180000453e+01 1.099039529760000022e-01
6.986000061039999309e+01 1.099036463719999940e-01
6.991999816889999408e+01 1.099033428530000051e-01
6.998000335689999929e+01 1.099030424920000026e-01
7.004000091550000207e+01 1.099027453739999938e-01
7.009999847410000484e+01 1.099024513710000067e-01
7.016000366209999584e+01 1.099021606869999973e-01
7.022000122069999861e+01 1.099018731679999999e-01
7.027999877930000139e+01 1.099015888810000036e-01
7.033999633790000416e+01 1.099013078289999973e-01
7.040000152589999516e+01 1.099010298810000064e-01
7.045999908449999793e+01 1.099007553420000005e-01
7.051999664310000071e+01 1.099004839430000047e-01
7.058000183110000592e+01 1.099002157480000047e-01
7.063999938960000691e+01 1.098999508220000060e-01
7.069999694819999547e+01 1.098996890299999973e-01
7.076000213620000068e+01 1.098994305680000005e-01
7.081999969480000345e+01 1.098991752620000067e-01
7.087999725340000623e+01 1.098989231729999988e-01
7.094000244139999722e+01 1.098986742610000011e-01
7.100000000000000000e+01 1.098984284829999936e-01
7.105999755860000278e+01 1.098981860299999974e-01
7.112000274659999377e+01 1.098979466300000069e-01
7.118000030519999655e+01 1.098977104309999953e-01
7.123999786379999932e+01 1.098974773919999953e-01
7.130000305180000453e+01 1.098972473720000037e-01
7.136000061039999309e+01 1.098970206460000015e-01
7.141999816889999408e+01 1.098967969430000025e-01
7.148000335689999929e+01 1.098965763149999941e-01
7.154000091550000207e+01 1.098963588040000050e-01
7.159999847410000484e+01 1.098961442710000014e-01
7.166000366209999584e+01 1.098959328940000008e-01
7.172000122069999861e+01 1.098957244880000017e-01
7.177999877930000139e+01 1.098955191009999971e-01
7.183999633790000416e+01 1.098953167149999965e-01
7.190000152589999516e+01 1.098951171939999971e-01
7.195999908449999793e+01 1.098949207839999970e-01
7.201999664310000071e+01 1.098947272239999967e-01
7.208000183110000592e+01 1.098945365600000057e-01
7.213999938960000691e+01 1.098943488200000013e-01
7.219999694819999547e+01 1.098941638679999944e-01
7.226000213620000068e+01 1.098939818670000013e-01
7.231999969480000345e+01 1.098938026340000040e-01
7.237999725340000623e+01 1.098936262110000034e-01
7.244000244139999722e+01 1.098934525500000065e-01
7.250000000000000000e+01 1.098932815889999970e-01
7.255999755860000278e+01 1.098931134799999987e-01
7.262000274659999377e+01 1.098929479789999969e-01
7.268000030519999655e+01 1.098927851870000055e-01
7.273999786379999932e+01 1.098926250589999931e-01
7.280000305180000453e+01 1.098924674670000018e-01
7.286000061039999309e+01 1.098923126169999986e-01
7.291999816889999408e+01 1.098921602730000002e-01
7.298000335689999929e+01 1.098920104710000012e-01
7.304000091550000207e+01 1.098918632219999941e-01
7.309999847410000484e+01 1.098917184029999938e-01
7.316000366209999584e+01 1.098915761520000006e-01
7.322000122069999861e+01 1.098914362959999974e-01
7.327999877930000139e+01 1.098912988689999953e-01
7.333999633790000416e+01 1.098911638410000058e-01
7.340000152589999516e+01 1.098910310979999971e-01
7.345999908449999793e+01 1.098909008149999977e-01
7.351999664310000071e+01 1.098907727800000067e-01
7.358000183110000592e+01 1.098906470199999957e-01
7.363999938960000691e+01 1.098905235409999986e-01
7.369999694819999547e+01 1.098904022289999977e-01
7.376000213620000068e+01 1.098902832040000027e-01
7.381999969480000345e+01 1.098901663090000036e-01
7.387999725340000623e+01 1.098900515670000050e-01
7.394000244139999722e+01 1.098899389389999953e-01
7.400000000000000000e+01 1.098898283599999970e-01
7.405999755860000278e+01 1.098897199389999996e-01
7.412000274659999377e+01 1.098896134860000012e-01
7.418000030519999655e+01 1.098895090650000017e-01
7.423999786379999932e+01 1.098894066329999947e-01
7.430000305180000453e+01 1.098893060910000052e-01
7.436000061039999309e+01 1.098892075790000034e-01
7.441999816889999408e+01 1.098891109159999963e-01
7.448000335689999929e+01 1.098890161239999969e-01
7.454000091550000207e+01 1.098889231980000047e-01
7.459999847410000484e+01 1.098888320449999956e-01
7.466000366209999584e+01 1.098887427579999937e-01
7.472000122069999861e+01 1.098886552020000018e-01
7.477999877930000139e+01 1.098885693949999964e-01
7.483999633790000416e+01 1.098884853120000032e-01
7.490000152589999516e+01 1.098884028630000009e-01
7.495999908449999793e+01 1.098883221649999964e-01
7.501999664310000071e+01 1.098882430619999989e-01
7.508000183110000592e+01 1.098881655680000041e-01
7.513999938960000691e+01 1.098880896799999951e-01
7.519999694819999547e+01 1.098880153120000008e-01
7.526000213620000068e+01 1.098879425440000002e-01
7.531999969480000345e+01 1.098878712590000001e-01
7.537999725340000623e+01 1.098878014679999932e-01
7.544000244139999722e+01 1.098877331389999934e-01
7.550000000000000000e+01 1.098876662219999967e-01
7.555999755860000278e+01 1.098876007860000031e-01
7.562000274659999377e+01 1.098875366979999990e-01
7.568000030519999655e+01 1.098874739930000011e-01
7.573999786379999932e+01 1.098874126400000012e-01
7.580000305180000453e+01 1.098873525680000018e-01
7.586000061039999309e+01 1.098872938639999935e-01
7.591999816889999408e+01 1.098872364039999994e-01
7.598000335689999929e+01 1.098871801970000006e-01
7.604000091550000207e+01 1.098871252370000051e-01
7.609999847410000484e+01 1.098870714560000045e-01
7.616000366209999584e+01 1.098870189140000037e-01
7.622000122069999861e+01 1.098869675159999948e-01
7.627999877930000139e+01 1.098869172699999952e-01
7.633999633790000416e+01 1.098868681569999950e-01
7.640000152589999516e+01 1.098868201129999944e-01
7.645999908449999793e+01 1.098867732119999940e-01
7.651999664310000071e+01 1.098867273479999934e-01
7.658000183110000592e+01 1.098866825280000042e-01
7.663999938960000691e+01 1.098866387450000009e-01
7.669999694819999547e+01 1.098865959410000037e-01
7.676000213620000068e+01 1.098865541660000028e-01
7.681999969480000345e+01 1.098865133379999942e-01
7.687999725340000623e+01 1.098864734640000035e-01
7.694000244139999722e+01 1.098864345209999982e-01
7.700000000000000000e+01 1.098863964710000002e-01
7.705999755860000278e+01 1.098863593589999993e-01
7.712000274659999377e+01 1.098863230959999937e-01
7.718000030519999655e+01 1.098862877019999990e-01
7.723999786379999932e+01 1.098862531550000021e-01
7.730000305180000453e+01 1.098862194080000021e-01
7.736000061039999309e+01 1.098861865119999948e-01
7.741999816889999408e+01 1.098861543880000069e-01
7.748000335689999929e+01 1.098861230400000055e-01
7.754000091550000207e+01 1.098860924610000067e-01
7.759999847410000484e+01 1.098860626069999985e-01
7.766000366209999584e+01 1.098860335129999977e-01
7.772000122069999861e+01 1.098860051179999936e-01
7.777999877930000139e+01 1.098859774259999950e-01
7.783999633790000416e+01 1.098859504220000005e-01
7.790000152589999516e+01 1.098859240669999987e-01
7.795999908449999793e+01 1.098858984019999985e-01
7.801999664310000071e+01 1.098858733619999944e-01
7.808000183110000592e+01 1.098858489489999979e-01
7.813999938960000691e+01 1.098858251570000027e-01
7.819999694819999547e+01 1.098858019500000005e-01
7.826000213620000068e+01 1.098857793559999962e-01
7.831999969480000345e+01 1.098857573249999997e-01
7.837999725340000623e+01 1.098857358589999944e-01
7.844000244139999722e+01 1.098857149420000012e-01
7.850000000000000000e+01 1.098856945519999934e-01
7.855999755860000278e+01 1.098856747120000033e-01
7.862000274659999377e+01 1.098856553700000016e-01
7.868000030519999655e+01 1.098856365349999975e-01
7.873999786379999932e+01 1.098856181929999953e-01
7.880000305180000453e+01 1.098856003160000039e-01
7.886000061039999309e+01 1.098855829320000005e-01
7.891999816889999408e+01 1.098855659939999979e-01
7.898000335689999929e+01 1.098855495019999962e-01
7.904000091550000207e+01 1.098855334530000061e-01
7.909999847410000484e+01 1.098855178180000031e-01
7.916000366209999584e+01 1.098855026179999944e-01
7.922000122069999861e+01 1.098854878159999937e-01
7.927999877930000139e+01 1.098854734139999983e-01
7.933999633790000416e+01 1.098854594010000019e-01
7.940000152589999516e+01 1.098854457550000052e-01
7.945999908449999793e+01 1.098854324979999936e-01
7.951999664310000071e+01 1.098854195920000026e-01
7.958000183110000592e+01 1.098854070379999964e-01
7.963999938960000691e+01 1.098853948310000023e-01
7.969999694819999547e+01 1.098853829510000046e-01
7.976000213620000068e+01 1.098853714109999935e-01
7.981999969480000345e+01 1.098853601830000054e-01
7.987999725340000623e+01 1.098853492680000044e-01
7.994000244139999722e+01 1.098853386560000034e-01
8.000000000000000000e+01 1.098853283339999987e-01
